hkth3d6bd2hkth1d2 9 8.48587 71.8886 8 9.99704 76.4249
ed4bd2bd2ed2 9 7.72037 64.4406 10 9.78966 67.4909
hkth5d6bd2bd2 8 8.25503 68.6969 10 10.9445 86.6054
hkth3d10 2 8.20534 76.1249 3 9.43504 77.1011
bd4hkth1d2hkth1d2hkth1d2 9 7.9473 64.3926 10 8.70553 63.0457
hkth1d2ed4hkth2d4 10 7.8729 61.3469 10 9.5405 66.2837
hkth7d10 2 8.36803 78.0289 4 11.3791 96.4917
bd2bd4bd4 11 8.50662 64.092 10 10.4228 75.5323
hkth1d2hkth3d4hkth3d4 10 7.76707 64.3709 10 9.73165 73.11
hkth2d8hkth1d2 8 7.79326 71.0683 8 8.56547 77.0057
hkth1d8hkth1d2 8 7.2534 78.1651 7 8.85781 86.7766
bd4bd2ed2hkth1d2 10 7.80096 64.1494 10 9.56204 64.2074
hkth6d8bd2 8 7.95172 69.4697 8 11.1005 91.7449
ed6bd2bd2 8 7.42575 60.3909 8 9.44889 63.6863
bd2hkth1d4hkth3d4 8 7.76239 63.6983 10 9.72642 71.5106
hkth2d4bd2ed2ed2 9 8.07431 64.4049 10 9.74107 72.8954
bd2bd2bd2ed2hkth1d2 8 8.19728 69.274 9 9.81148 63.9711
hkth5d6bd2ed2 8 9.69748 68.6706 9 10.0386 86.9129
hkth2d6ed2hkth1d2 9 12.4859 66.2977 9 12.7319 71.634
hkth1d6hkth1d2hkth1d2 7 7.82217 69.35 8 8.76287 76.0697
hkth1d4bd2hkth1d2hkth1d2 9 7.50728 63.7106 10 9.40345 72.1406
bd2bd4ed4 9 7.7729 60.6177 10 10.1553 70.0331
hkth3d6bd2bd2 9 8.39504 71.7511 8 9.83991 76.5123
hkth1d6hkth2d4 8 12.1319 69.4051 9 9.25882 77.3909
ed6bd2hkth1d2 8 7.59306 60.5234 9 8.87897 63.7246
ed2hkth2d4hkth3d4 10 8.13026 66.1611 11 8.73662 71.8454
hkth1d4bd2ed2ed2 10 7.79219 64.2994 10 9.59823 71.9314
ed4ed2hkth1d2hkth1d2 9 7.78902 63.4754 10 8.99967 68.566
hkth4d8hkth1d2 7 8.13414 71.2191 9 9.59507 81.32
bd2bd4hkth1d4 8 10.6494 60.1323 9 9.08909 66.9563
hkth3d4bd2bd2bd2 9 8.04107 64.3557 10 10.2978 76.9703
hkth4d6bd2bd2 8 8.11079 63.8706 9 10.2494 76.8109
hkth3d6ed2hkth1d2 8 8.49011 71.8934 9 9.36064 76.9757
hkth2d8bd2 7 7.63057 71.0397 9 9.14575 76.976
bd2bd4hkth3d4 9 7.76736 64.2009 10 10.2568 71.6746
hkth4d6hkth1d4 8 10.0671 68.404 9 9.60215 76.6146
hkth3d6hkth1d2hkth1d2 7 8.37671 71.7226 9 12.0189 76.63
bd6hkth1d4 7 7.60988 68.394 9 10.1346 71.0589
ed4bd2hkth1d2hkth1d2 10 7.77015 63.6254 10 9.93279 68.6657
ed4bd2bd2bd2 10 7.73667 64.3991 10 9.79216 67.35
bd6hkth3d4 9 7.60883 64.9991 8 9.51345 71.9414
hkth1d8bd2 8 7.27647 78.1629 7 9.79235 86.0594
bd4ed2ed2hkth1d2 10 7.89479 64.2406 10 10.0815 63.2686
hkth5d6bd4 8 8.58468 69.8771 8 11.169 86.7003
hkth1d4hkth1d2hkth1d2hkth1d2 10 7.48447 63.8583 9 9.49537 71.8491
hkth3d6hkth3d4 8 10.3823 71.3563 9 9.10855 77.4206
bd4bd2bd2bd2 9 7.71505 64.42 11 9.47913 63.2674
hkth1d2ed4hkth1d4 9 7.42281 60.2646 10 9.53469 67.2769
bd8hkth1d2 8 7.75037 63.2929 8 11.1858 69.65
hkth1d4bd2bd2hkth1d2 9 7.71191 64.2731 10 11.5857 72.3357
hkth1d4bd2bd2ed2 10 7.79123 64.3637 10 11.2815 72.0483
hkth5d10 2 8.7866 81.1169 4 9.94136 86.2649
hkth4d8ed2 8 10.7515 71.222 10 9.53579 81.3109
hkth1d6bd2ed2 8 7.77022 69.4817 8 9.45379 76.8074
ed2bd4hkth2d4 9 7.96671 61.9474 11 8.21471 66.1569
hkth4d6ed2hkth1d2 8 10.273 64.3849 8 9.3059 77.118
hkth3d8bd2 8 8.42883 68.56 8 8.76069 76.9266
hkth2d6bd2bd2 9 7.7687 66.5194 9 9.30103 71.2349
hkth1d6bd2bd2 9 11.8954 69.5737 8 9.53552 77.0546
bd8ed2 7 7.75594 63.4323 8 11.6132 69.6251
hkth1d6bd2hkth1d2 8 7.66231 69.4943 8 9.57117 76.4123
bd6hkth1d2hkth1d2 9 7.83622 65.2509 8 10.0935 75.1137
ed2ed2ed2ed2hkth1d2 9 8.63757 69.2777 9 9.62713 64.1769
hkth5d6ed4 8 11.1422 68.8114 10 11.3037 86.6494
ed2bd4bd4 9 8.07747 64.1034 10 10.3924 75.4383
hkth7d8ed2 8 8.93441 76.5029 9 12.0661 101.558
hkth3d6bd4 7 12.1954 71.1866 8 9.70508 76.3431
bd4bd2hkth1d2hkth1d2 8 9.50973 63.5209 10 9.61859 63.5369
hkth2d6hkth1d2hkth1d2 8 7.97215 66.4149 9 9.52335 71.5497
ed8ed2 8 7.55892 60.6091 9 8.89249 69.5086
bd6bd2hkth1d2 8 7.86757 64.6471 9 10.1873 70.5597
hkth4d10 2 8.38184 71.1534 4 9.91174 76.7094
hkth1d2bd4bd4 9 8.10672 64.1006 11 10.3738 75.4429
hkth7d8bd2 7 8.88702 76.5314 9 12.3764 101.852
hkth3d6hkth1d4 9 8.48016 76.1203 8 9.1213 76.792
ed6ed4 8 9.0012 60.784 9 8.61824 64.2057
bd2bd2ed2ed2ed2 9 9.80916 69.3551 10 9.85973 63.132
hkth3d8hkth1d2 7 8.488 68.48 8 10.1196 77.5974
hkth2d6bd2hkth1d2 8 7.83015 66.2986 8 8.79536 71.9569
ed4bd2ed2ed2 10 7.71821 64.4231 10 9.90493 68.3946
bd2hkth2d4hkth3d4 9 8.11087 66.1586 10 8.86796 71.402
hkth2d6bd2ed2 8 7.78523 66.5194 8 8.60743 71.114
ed2hkth1d4hkth3d4 10 7.78055 63.6894 10 9.11297 71.2286
bd6bd2ed2 8 7.86886 64.862 9 10.1432 70.7223
hkth2d4bd2bd2ed2 11 8.07233 64.4051 11 9.56645 71.374
ed8hkth1d2 8 7.43256 60.5957 8 9.34755 69.0749
hkth2d8ed2 7 7.62884 71.0466 8 8.2335 76.158
hkth3d6ed2ed2 9 8.3956 71.7489 8 11.1272 76.0211
ed4ed2ed2hkth1d2 9 7.66569 64.2491 10 9.36801 68.6177
bd2bd2bd2bd2bd2 9 8.21136 69.2694 10 9.78695 63.7314
bd2ed4hkth3d4 9 7.86887 60.0074 11 9.16909 71.5834
hkth5d8hkth1d2 7 8.22715 73.8551 8 10.1101 86.8454
hkth4d6ed4 8 10.8976 64.1817 9 9.16019 76.5369
ed2bd4ed4 10 7.80214 60.7266 10 12.3436 71.0683
hkth2d4bd2hkth1d2hkth1d2 9 8.08519 63.6791 9 9.8608 72.5426
hkth5d8ed2 8 8.23524 73.856 9 10.2067 86.6177
hkth5d6bd2hkth1d2 9 8.36265 69.9506 9 12.3465 86.4191
hkth3d4bd2bd2ed2 10 8.03896 64.344 10 10.0612 76.4994
hkth2d4ed2ed2ed2 9 8.07256 64.4111 10 9.66535 71.6514
hkth1d6ed2hkth1d2 7 7.42992 69.506 8 8.63003 77.8686
hkth3d8ed2 8 8.4348 68.4974 8 9.09757 77.2206
hkth2d6hkth3d4 8 7.93356 66.1974 8 9.79507 72.688
hkth2d4hkth1d2hkth1d2hkth1d2 9 8.05547 64.7703 10 9.67966 71.4494
hkth2d4bd2ed2hkth1d2 9 8.01502 64.452 10 9.7923 72.5274
ed6bd4 10 7.46264 60.1966 8 9.68303 65.108
ed6ed2hkth1d2 8 7.66895 60.5363 9 8.53441 64.1786
hkth1d2bd4ed4 9 7.63223 60.196 10 11.1634 70.7526
ed6bd2ed2 8 7.41707 60.4051 9 11.0729 63.2523
hkth1d2hkth1d4hkth3d4 10 7.77201 63.6163 11 9.79142 71.3531
hkth1d2ed4ed4 9 7.56008 59.6989 9 10.4752 63.6969
bd2bd2ed2ed2hkth1d2 9 8.21334 69.2811 9 10.4234 63.2483
ed10 3 7.15842 60.9934 4 11.089 64.4249
hkth1d2hkth1d2hkth1d2hkth1d2hkth1d2 8 8.78994 68.8831 9 9.61965 63.7951
hkth4d8bd2 7 9.00781 71.2297 8 10.207 81.5851
bd4bd2ed2ed2 9 7.72239 64.4406 10 9.4884 63.3689
hkth1d4ed2ed2hkth1d2 9 8.27978 64.3117 9 9.04982 74.0666
bd2hkth3d4hkth3d4 9 7.79737 64.324 10 9.71586 73.0529
bd2bd2bd2hkth1d2hkth1d2 8 8.22434 69.336 9 10.2941 63.4923
bd2ed4hkth1d4 9 7.42144 60.1257 10 9.56883 67.9729
bd2bd2ed2hkth1d2hkth1d2 10 8.20541 69.286 10 9.85367 63.3157
hkth1d2ed4hkth3d4 9 8.39304 60.5606 10 10.0261 71.6089
hkth1d4bd2bd2bd2 11 7.79211 64.3806 10 9.58854 71.846
hkth1d6hkth1d4 8 7.61919 69.0443 8 10.7902 76.7154
hkth1d2bd4hkth3d4 9 9.17397 64.2511 10 9.04657 72.2346
bd6bd4 9 7.85487 63.9149 8 10.2771 75.866
ed4hkth1d2hkth1d2hkth1d2 10 7.75173 64.3991 10 9.17435 70.8891
hkth1d4ed2hkth1d2hkth1d2 9 7.91894 63.8786 10 12.3565 72.5009
hkth4d6hkth2d4 8 8.55811 66.2131 9 9.36122 77.1051
bd2hkth1d4hkth1d4 9 7.25071 63.794 9 8.94082 66.9394
ed2bd4hkth1d4 9 8.74353 60.1663 9 8.3042 66.7214
hkth1d4bd2ed2hkth1d2 9 7.69369 64.2471 10 10.4722 72.2971
hkth3d4bd2ed2hkth1d2 10 8.06236 64.3794 9 10.1811 77.2017
hkth1d6hkth3d4 8 7.79344 69.244 8 8.84168 77.2569
bd2bd2bd2bd2ed2 9 8.20047 69.3366 9 15.2 63.046
bd2ed2ed2ed2ed2 8 8.21509 69.2951 10 10.4893 63.2823
hkth1d6ed2ed2 10 7.77485 69.5734 8 8.70686 77.0609
bd2ed2ed2ed2hkth1d2 9 8.20721 69.2763 9 9.07284 63.1891
hkth3d4ed2hkth1d2hkth1d2 9 8.07828 63.6569 10 10.1651 76.32
ed6hkth1d2hkth1d2 8 8.48838 60.8646 8 8.5801 63.8889
hkth3d4ed2ed2hkth1d2 9 8.37988 64.3489 10 10.1003 76.494
bd4bd2bd2ed2 10 7.75354 64.4437 10 9.47718 63.242
hkth3d6hkth2d4 8 12.1978 72.4957 8 9.12509 77.3023
hkth6d8hkth1d2 7 8.03285 69.9911 8 10.612 91.638
bd2bd2bd2bd2hkth1d2 9 8.19715 69.25 9 10.2822 63.1494
hkth1d2bd4hkth1d4 10 7.41977 60.2646 9 9.33826 66.532
hkth3d4bd2hkth1d2hkth1d2 10 8.06924 63.6574 9 10.2772 77.1446
hkth3d4bd2bd2hkth1d2 10 8.04979 64.3331 11 10.1842 76.4557
bd4ed2ed2ed2 10 7.93515 64.3517 10 10.0525 63.1077
hkth5d6hkth1d4 9 8.10682 73.8811 8 10.0727 87.2634
bd6ed2hkth1d2 8 9.83308 64.7057 8 9.87875 70.084
bd2hkth2d4hkth2d4 9 8.28908 66.2223 10 8.56775 67.0654
ed4bd2bd2hkth1d2 9 8.08894 64.2417 11 9.78062 67.7226
hkth5d6hkth3d4 8 8.07584 69.176 9 9.84731 86.516
hkth1d2hkth2d4hkth2d4 9 8.28575 66.2237 10 10.6553 67.3957
ed2ed2hkth1d2hkth1d2hkth1d2 9 8.47095 69.2663 9 9.11511 63.6931
hkth2d4ed2ed2hkth1d2 11 8.02752 64.366 10 9.84176 71.2726
bd4bd2bd2hkth1d2 9 9.91407 64.2349 10 9.43755 63.1754
ed2hkth2d4hkth2d4 9 10.9015 66.2251 10 8.25123 66.8911
hkth3d4bd2ed2ed2 10 8.04177 64.3206 10 10.0808 76.8197
bd2hkth1d2hkth1d2hkth1d2hkth1d2 8 7.9935 68.7163 9 9.69122 63.2114
ed2ed4ed4 10 7.61896 59.8531 9 8.78637 64.0854
bd6bd2bd2 8 10.7012 64.7903 9 10.1548 70.2314
hkth2d6hkth2d4 8 7.86259 67.2151 8 8.64901 72.4977
ed2hkth1d4hkth2d4 9 7.85711 66.1563 9 9.47941 67.5266
ed2ed4hkth3d4 9 7.8658 59.9937 10 9.01566 71.2426
hkth4d6bd2hkth1d2 8 8.95599 64.3449 9 9.68203 77.3037
ed2ed2ed2hkth1d2hkth1d2 9 8.20695 69.3297 8 9.0419 63.3726
hkth5d6hkth2d4 8 8.26559 69.0846 9 10.1017 87.6414
hkth5d6ed2hkth1d2 8 12.2518 70.0626 9 13.3476 86.9286
hkth5d6ed2ed2 9 8.2578 68.692 10 9.85039 86.3591
hkth2d6hkth1d4 8 7.84751 71.0983 8 8.53885 72.724
hkth2d6bd4 8 7.51673 66.0409 9 8.47957 71.176
bd6ed4 9 7.76064 60.9263 9 15.1498 65.3926
hkth2d6ed4 7 7.51343 66.04 8 9.26511 72.0614
hkth2d4ed2hkth1d2hkth1d2 9 8.06392 63.7854 10 9.54485 71.2637
hkth1d2hkth1d4hkth2d4 9 7.8229 66.082 10 9.4844 67.8517
hkth3d4ed2ed2ed2 11 8.06298 64.3626 11 10.3315 76.4206
hkth2d4bd2bd2hkth1d2 9 8.03432 64.4437 10 11.5941 71.3957
hkth1d2hkth2d4hkth3d4 10 8.11998 66.1709 10 9.61115 71.564
hkth3d6bd2ed2 9 8.39483 71.7406 9 9.93382 76.4066
ed6hkth2d4 7 7.61686 66.3034 9 10.8239 66.056
hkth5d6hkth1d2hkth1d2 8 8.19774 68.8594 9 9.92417 86.4063
ed6hkth3d4 9 7.79549 63.8111 9 8.78494 71.3394
ed6ed2ed2 8 7.42825 60.4023 8 8.66503 64.1931
hkth6d8ed2 8 7.9501 69.4591 9 10.5393 91.1051
hkth1d2hkth1d4hkth1d4 9 7.26438 63.7917 9 9.03648 67.284
bd2ed2hkth1d2hkth1d2hkth1d2 8 8.16781 69.3429 9 11.3044 63.5757
hkth5d8bd2 8 8.21817 73.8551 9 11.2168 87.2271
bd4ed2hkth1d2hkth1d2 9 7.76238 63.468 10 9.61589 63.3969
hkth2d4bd2bd2bd2 10 8.0828 64.4083 10 9.52077 71.2966
bd2bd4hkth2d4 9 10.6383 61.996 10 9.32329 66.2597
hkth4d6ed2ed2 8 8.12155 63.8966 8 9.32716 76.572
hkth1d6ed4 8 7.5007 69.0714 8 8.79311 77.7629
bd10 2 8.72173 72.8471 3 11.4263 73.0363
hkth6d10 3 8.1997 75.0923 4 10.1211 86.4226
ed2ed4hkth2d4 9 7.99707 61.9643 10 8.78391 66.8286
hkth1d2bd4hkth2d4 8 7.89118 61.3494 10 9.02152 66.1237
bd2hkth1d4hkth2d4 10 7.83784 66.1537 11 9.71754 67.7026
ed2ed4hkth1d4 10 7.78533 60.0991 10 9.38299 66.4969
hkth8d10 2 8.16167 74.1189 5 10.8919 96.3837
hkth1d8ed2 8 7.2644 78.1623 8 9.32373 87.0206
hkth3d4hkth1d2hkth1d2hkth1d2 10 8.22559 64.1474 10 10.456 77.9146
bd2ed2ed2hkth1d2hkth1d2 8 8.20328 69.3314 9 8.89016 63.2257
hkth2d10 2 8.07899 76.0071 3 8.16441 76.1626
bd8bd2 8 7.74747 63.4834 9 10.0367 69.5471
ed2hkth1d4hkth1d4 9 7.27433 63.7789 9 8.24058 67.0769
hkth4d6bd2ed2 8 8.12073 63.8991 9 9.28052 77.1454
ed4bd2ed2hkth1d2 10 7.68503 64.24 10 9.9164 68.4349
hkth1d6bd4 8 7.41536 69.2194 8 8.64834 76.1643
bd2bd2bd2ed2ed2 8 8.19894 69.3046 10 9.67172 63.8831
hkth7d8hkth1d2 7 8.8855 76.4031 9 12.3002 101.64
ed2hkth3d4hkth3d4 9 7.81142 64.2449 10 9.81104 73.06
hkth4d6hkth1d2hkth1d2 8 8.54899 63.7749 9 9.33574 76.94
ed4ed2ed2ed2 9 7.72816 64.4406 11 8.92157 68.8254
bd2ed4hkth2d4 9 7.9424 61.8997 10 8.76874 66.0671
ed2hkth1d2hkth1d2hkth1d2hkth1d2 8 8.00479 68.8117 8 9.20853 63.3517
hkth2d6ed2ed2 8 8.64285 66.6669 9 9.34754 71.3049
ed2ed2ed2ed2ed2 8 9.07569 69.4326 10 9.31226 64.322
hkth9d10 2 9.33657 74.2429 4 12.9048 106.979
bd2bd2hkth1d2hkth1d2hkth1d2 8 9.68646 69.3037 9 8.99256 63.008
hkth1d4ed2ed2ed2 9 7.84106 64.3146 11 8.98685 74.2234
hkth4d6hkth3d4 9 8.4705 71.8977 8 9.89601 77.9191
hkth4d6bd4 8 8.82186 71.9146 9 10.3622 76.6146
ed8bd2 7 7.35011 60.5746 8 8.71378 68.2451
bd6hkth2d4 9 7.84196 66.2629 9 9.49426 67.1211
ed6hkth1d4 8 7.72409 63.8151 9 8.33096 67.1351
bd2ed4ed4 9 7.57268 59.956 10 8.88243 63.5591
hkth1d10 2 8.64834 88.7171 3 8.73337 91.084
hkth3d6ed4 8 8.03071 71.1954 9 9.15573 76.2583
ed2bd4hkth3d4 10 7.68293 64.3091 10 8.84791 72.2874
bd6ed2ed2 8 7.873 64.8314 9 8.96848 70.672
