hkth3d6bd2hkth1d2 7 13.0505 70.1343 9 13.1157 72.0157
ed4bd2bd2ed2 10 12.9492 67.8543 11 13.0683 63.0397
hkth5d6bd2bd2 9 13.4634 69.906 9 13.2919 73.5603
hkth3d10 3 13.5836 79.2314 3 13.5375 83.0157
bd4hkth1d2hkth1d2hkth1d2 10 12.9737 68.146 10 12.6108 65.0526
hkth1d2ed4hkth2d4 9 15.7923 65.1423 10 12.9024 69.046
hkth7d10 2 14.7465 80.6463 4 13.8187 79.2929
bd2bd4bd4 9 13.5546 64.8143 10 13.0436 68.0094
hkth1d2hkth3d4hkth3d4 10 12.8426 67.7831 10 13.0558 71.0766
hkth2d8hkth1d2 7 12.7473 77.1266 8 12.1739 77.0694
hkth1d8hkth1d2 8 13.9656 100.169 8 13.1618 108.039
bd4bd2ed2hkth1d2 9 12.9604 68.272 11 12.7196 65.0531
hkth6d8bd2 7 13.7039 72.2609 8 16.1382 73.0103
ed6bd2bd2 9 14.9439 66.056 8 12.47 72.8717
bd2hkth1d4hkth3d4 9 16.1569 70.5006 10 12.5366 73.0094
hkth2d4bd2ed2ed2 9 13.2575 67.8271 10 13.2656 66.0466
bd2bd2bd2ed2hkth1d2 8 13.7127 73.9509 9 13.3973 63.0386
hkth5d6bd2ed2 8 13.4595 69.9051 9 13.2869 73.5709
hkth2d6ed2hkth1d2 8 12.92 69.1591 9 12.1266 74.0094
hkth1d6hkth1d2hkth1d2 8 13.389 84.188 9 13.0101 89.086
hkth1d4bd2hkth1d2hkth1d2 9 13.1159 72.1249 10 12.8409 71.0683
bd2bd4ed4 9 13.3564 63.2363 10 12.4012 66.2249
hkth3d6bd2bd2 8 13.8671 70.092 9 13.0563 72.0157
hkth1d6hkth2d4 8 13.4451 84.1997 8 12.9334 84.016
ed6bd2hkth1d2 7 12.8973 66.0749 8 12.2588 72.1346
ed2hkth2d4hkth3d4 8 16.471 67.0131 9 12.8916 70.9194
hkth1d4bd2ed2ed2 9 13.267 72.2803 10 13.8135 72.0494
ed4ed2hkth1d2hkth1d2 10 14.3909 66.0569 10 12.8906 63.0574
hkth4d8hkth1d2 8 13.0524 72.148 8 13.002 73.056
bd2bd4hkth1d4 9 12.7203 72.134 10 12.9412 76.0457
hkth3d4bd2bd2bd2 9 12.9152 68.658 11 13.5052 67.3211
hkth4d6bd2bd2 8 13.3334 65.136 9 12.944 71.292
hkth3d6ed2hkth1d2 8 13.0798 70.1369 8 13.0229 72.0157
hkth2d8bd2 7 13.2133 77.1477 8 12.2549 77.0097
bd2bd4hkth3d4 11 12.9125 67.3637 10 12.6194 71.9583
hkth4d6hkth1d4 8 13.8296 79.2134 8 13.047 74.0631
hkth3d6hkth1d2hkth1d2 8 13.4466 70.078 9 14.1278 72.0157
bd6hkth1d4 8 13.1179 71.2137 8 13.0483 72.0117
ed4bd2hkth1d2hkth1d2 10 13.1726 66.0771 10 12.8859 63.0563
ed4bd2bd2bd2 9 12.9612 67.8526 11 12.9755 63.0437
bd6hkth3d4 9 13.0517 71.5569 8 13.0855 72.5269
hkth1d8bd2 7 13.9436 100.163 8 13.1569 100.565
bd4ed2ed2hkth1d2 9 14.6467 68.2709 10 12.7168 65.054
hkth5d6bd4 9 13.6258 72.532 9 14.1993 71.1577
hkth1d4hkth1d2hkth1d2hkth1d2 9 13.101 72.1274 10 12.8315 71.0766
hkth3d6hkth3d4 8 13.1155 71.578 9 13.3817 73.0146
bd4bd2bd2bd2 10 12.9501 67.8597 11 12.967 63.0417
hkth1d2ed4hkth1d4 9 12.9778 72.1631 10 12.6167 77.0483
bd8hkth1d2 6 12.7323 66.7746 8 12.9694 69.2203
hkth1d4bd2bd2hkth1d2 10 13.3203 72.1483 10 13.1314 72.0509
hkth1d4bd2bd2ed2 10 13.2757 72.2837 11 13.0166 72.0549
hkth5d10 2 13.8341 78.2971 3 13.9145 78.2151
hkth4d8ed2 8 13.3528 72.1577 8 12.9912 73.0571
hkth1d6bd2ed2 9 13.7674 84.1689 8 13.5105 89.0671
ed2bd4hkth2d4 9 12.4975 64.8837 10 12.8142 68.1089
hkth4d6ed2hkth1d2 8 12.731 65.1274 8 12.8079 71.018
hkth3d8bd2 8 13.7754 73.4414 8 12.9698 74.0637
hkth2d6bd2bd2 8 13.5605 70.8746 9 12.6068 85.9411
hkth1d6bd2bd2 8 13.7692 84.1763 9 13.5933 89.0626
bd8ed2 8 12.9135 66.7717 8 13.0367 69.0971
hkth1d6bd2hkth1d2 8 14.1275 84.1923 9 16.0919 89.09
bd6hkth1d2hkth1d2 9 13.0259 66.9471 9 13.0368 71.0157
ed2ed2ed2ed2hkth1d2 8 13.6894 73.9611 9 13.3528 63.0431
hkth5d6ed4 9 13.4335 70.8474 8 13.0753 71.2254
ed2bd4bd4 10 13.548 64.8511 10 13.0288 68.0094
hkth7d8ed2 8 14.1667 75.0746 8 13.5918 74.012
hkth3d6bd4 8 13.1242 69.1506 8 12.629 67.0094
bd4bd2hkth1d2hkth1d2 10 13.4935 76.9263 11 12.8977 63.0594
hkth2d6hkth1d2hkth1d2 8 13.0345 69.1409 9 13.9139 74.0094
ed8ed2 7 13.0422 63.2231 8 12.462 69.0269
bd6bd2hkth1d2 9 12.8116 66.7766 8 13.1356 71.2971
hkth4d10 2 13.2815 76.2831 3 13.5743 78.0251
hkth1d2bd4bd4 10 13.6716 64.1863 10 12.9394 68.0094
hkth7d8bd2 8 13.9088 75.0734 8 13.5676 74.0111
hkth3d6hkth1d4 8 13.3756 75.2277 8 13.2198 72.0157
ed6ed4 8 13.3429 65.0283 8 12.3254 64.5534
bd2bd2ed2ed2ed2 9 13.8839 73.6666 9 12.6061 64.0094
hkth3d8hkth1d2 8 13.3423 73.1351 8 13.3009 74.0157
hkth2d6bd2hkth1d2 9 16.1165 69.1517 8 12.1216 74.0094
ed4bd2ed2ed2 10 12.9474 67.8531 11 12.9702 63.0437
bd2hkth2d4hkth3d4 10 13.1431 67.0043 11 12.8816 70.9137
hkth2d6bd2ed2 8 13.3406 70.8731 9 12.5735 74.0094
ed2hkth1d4hkth3d4 10 12.9433 70.4911 9 12.5209 73.0094
bd6bd2ed2 8 13.2367 66.7223 10 13.2506 70.0317
hkth2d4bd2bd2ed2 9 13.2317 67.832 11 13.2684 66.0426
ed8hkth1d2 7 12.3674 63.2171 8 12.1132 70.0569
hkth2d8ed2 7 13.2237 77.1414 8 12.7446 77.0094
hkth3d6ed2ed2 8 13.499 70.0911 9 13.0576 72.0157
ed4ed2ed2hkth1d2 9 12.953 68.2526 10 14.5626 76.9851
bd2bd2bd2bd2bd2 8 14.4414 73.6597 9 12.605 64.0097
bd2ed4hkth3d4 10 12.6709 65.5683 10 12.4811 72.2526
hkth5d8hkth1d2 8 13.2251 73.2091 8 13.3792 74.0709
hkth4d6ed4 8 12.8448 66.1003 9 12.4565 67.2349
ed2bd4ed4 10 13.3727 63.2289 11 12.3951 66.2331
hkth2d4bd2hkth1d2hkth1d2 9 13.4759 66.0623 10 13.1934 66.0657
hkth5d8ed2 8 13.7608 74.0809 8 13.6006 74.1354
hkth5d6bd2hkth1d2 8 13.2013 69.9649 8 13.1913 72.5817
hkth3d4bd2bd2ed2 10 12.9246 68.6534 11 16.9447 67.32
hkth2d4ed2ed2ed2 11 13.2309 67.8303 10 13.3569 66.0394
hkth1d6ed2hkth1d2 8 16.0549 84.1683 9 13.0267 89.1066
hkth3d8ed2 7 13.6191 73.438 8 12.9855 74.064
hkth2d6hkth3d4 8 13.0041 70.1503 8 13.1375 71.1226
hkth2d4hkth1d2hkth1d2hkth1d2 9 13.1029 68.1466 10 13.0791 65.056
hkth2d4bd2ed2hkth1d2 10 13.2364 68.2891 10 13.631 65.0506
ed6bd4 8 12.5917 63.9323 8 12.8761 70.6363
ed6ed2hkth1d2 8 12.8935 66.0926 9 12.2657 72.0149
hkth1d2bd4ed4 10 12.8143 65.8963 10 15.2295 67.0149
ed6bd2ed2 8 13.3441 66.0489 8 12.4493 72.7411
hkth1d2hkth1d4hkth3d4 10 12.9643 71.6151 9 12.8088 74.0709
hkth1d2ed4ed4 10 13.059 65.9743 10 12.9589 66.048
bd2bd2ed2ed2hkth1d2 10 13.6355 73.9637 8 15.4542 63.0386
ed10 2 12.9835 68.072 3 12.4897 75.3511
hkth1d2hkth1d2hkth1d2hkth1d2hkth1d2 8 13.2471 73.1409 9 13.1024 65.0469
hkth4d8bd2 7 13.3703 72.1503 9 15.2352 73.0566
bd4bd2ed2ed2 10 12.95 67.8503 10 12.9635 63.0423
hkth1d4ed2ed2hkth1d2 9 13.0331 72.1554 10 13.0168 72.0546
bd2hkth3d4hkth3d4 10 12.7916 67.8037 10 12.7633 71.9926
bd2bd2bd2hkth1d2hkth1d2 10 13.502 72.008 9 13.2976 63.0691
bd2ed4hkth1d4 9 12.7233 72.1454 10 12.951 76.0471
bd2bd2ed2hkth1d2hkth1d2 9 13.5181 71.9883 9 13.0917 63.0709
hkth1d2ed4hkth3d4 9 13.9804 65.6491 10 12.7769 71.2809
hkth1d4bd2bd2bd2 9 13.2743 72.2826 10 13.0765 72.0489
hkth1d6hkth1d4 8 13.0626 84.1643 8 12.7361 84.4549
hkth1d2bd4hkth3d4 9 12.8005 67.3457 11 12.7761 71.2266
bd6bd4 9 13.2816 67.7251 8 12.9058 69.9469
ed4hkth1d2hkth1d2hkth1d2 10 16.1205 68.1374 9 12.6104 65.0511
hkth1d4ed2hkth1d2hkth1d2 9 13.1024 72.1274 11 12.877 71.0717
hkth4d6hkth2d4 8 16.0734 68.104 9 12.5726 68.942
bd2hkth1d4hkth1d4 9 13.4978 73.1171 9 12.2044 74.0694
ed2bd4hkth1d4 9 12.7203 72.1251 9 13.3304 76.0437
hkth1d4bd2ed2hkth1d2 10 13.0092 72.1323 11 13.0931 83.984
hkth3d4bd2ed2hkth1d2 9 13.3782 70.1666 10 13.5266 67.3111
hkth1d6hkth3d4 8 13.3525 84.1914 8 12.9691 84.0094
bd2bd2bd2bd2ed2 9 13.9449 73.6666 9 12.6027 64.0117
bd2ed2ed2ed2ed2 10 13.8854 73.664 9 12.6041 64.0094
hkth1d6ed2ed2 9 17.293 84.174 9 13.9017 89.0603
bd2ed2ed2ed2hkth1d2 8 13.6283 73.9637 9 13.3491 63.0417
hkth3d4ed2hkth1d2hkth1d2 11 12.8691 66.9191 10 13.7937 67.072
ed6hkth1d2hkth1d2 8 13.0096 66.1606 9 12.2949 71.9349
hkth3d4ed2ed2hkth1d2 10 13.1525 70.162 10 13.5367 67.3097
bd4bd2bd2ed2 9 12.9515 67.8469 10 12.96 63.0434
hkth3d6hkth2d4 9 13.1232 70.1214 8 12.4337 67.0094
hkth6d8hkth1d2 8 13.0803 72.3051 8 13.9461 73.8689
bd2bd2bd2bd2hkth1d2 9 13.6317 73.9637 11 13.3614 63.0423
hkth1d2bd4hkth1d4 9 12.8249 72.1423 10 12.6127 77.0483
hkth3d4bd2hkth1d2hkth1d2 10 12.912 66.9123 10 16.0428 67.0917
hkth3d4bd2bd2hkth1d2 10 13.1533 70.1623 10 13.5324 67.3069
bd4ed2ed2ed2 9 12.9633 67.8477 11 12.967 63.0331
hkth5d6hkth1d4 8 13.5177 76.1697 8 13.2351 73.29
bd6ed2hkth1d2 8 12.8078 66.7717 9 13.123 71.2926
bd2hkth2d4hkth2d4 9 15.0255 66.152 9 12.8252 68.1474
ed4bd2bd2hkth1d2 9 12.9508 67.7751 10 12.7148 65.048
hkth5d6hkth3d4 8 13.2495 71.774 9 13.5542 73.366
hkth1d2hkth2d4hkth2d4 8 12.592 66.136 9 15.1976 68.054
ed2ed2hkth1d2hkth1d2hkth1d2 8 13.4124 73.05 9 12.947 66.06
hkth2d4ed2ed2hkth1d2 10 13.2256 68.2943 11 13.1611 65.0546
bd4bd2bd2hkth1d2 9 12.9483 68.2714 10 12.7066 65.0537
ed2hkth2d4hkth2d4 8 14.796 66.1446 9 12.8224 68.1594
hkth3d4bd2ed2ed2 11 12.9319 79.5106 11 13.5085 67.324
bd2hkth1d2hkth1d2hkth1d2hkth1d2 9 13.2356 73.1386 8 13.0864 65.0471
ed2ed4ed4 10 13.0876 61.2057 10 12.3873 66.0094
bd6bd2bd2 9 13.2401 66.7254 9 13.1886 70.0269
hkth2d6hkth2d4 8 12.9074 70.2129 8 12.5197 69.0094
ed2hkth1d4hkth2d4 9 12.7443 70.1551 10 12.5232 73.1
ed2ed4hkth3d4 11 12.6623 65.5711 10 12.4775 72.2486
hkth4d6bd2hkth1d2 8 12.7431 65.1203 9 12.8366 71.0157
ed2ed2ed2hkth1d2hkth1d2 9 13.4943 72.0009 9 25.6684 63.0709
hkth5d6hkth2d4 8 13.4756 70.3237 8 12.9778 70.5151
hkth5d6ed2hkth1d2 8 13.1989 69.97 9 13.1998 72.5846
hkth5d6ed2ed2 8 13.6909 69.9094 9 13.3143 73.5591
hkth2d6hkth1d4 8 12.7823 75.2351 8 14.2029 75.0603
hkth2d6bd4 8 15.8924 71.1014 8 12.1835 69.2014
bd6ed4 8 13.1514 67.0591 8 13.1846 65.7517
hkth2d6ed4 7 12.8558 71.0997 8 12.1814 69.198
hkth2d4ed2hkth1d2hkth1d2 10 13.5316 66.074 10 14.2706 66.0534
hkth1d2hkth1d4hkth2d4 10 12.7587 70.144 9 12.437 73.0654
hkth3d4ed2ed2ed2 11 12.9187 68.636 10 13.5046 67.3269
hkth2d4bd2bd2hkth1d2 10 13.2239 68.2974 10 13.2108 65.0463
hkth1d2hkth2d4hkth3d4 9 12.8763 66.9794 10 13.2091 71.0014
hkth3d6bd2ed2 8 13.4963 70.0891 8 13.0501 72.0166
ed6hkth2d4 7 12.6517 68.0691 9 12.5555 67.8369
hkth5d6hkth1d2hkth1d2 8 13.2462 69.3271 8 13.9466 73.3077
ed6hkth3d4 7 12.6429 69.1071 8 12.5493 71.3394
ed6ed2ed2 8 13.3428 66.0554 9 12.4875 72.7411
hkth6d8ed2 7 13.8073 72.2566 8 12.7594 73.012
hkth1d2hkth1d4hkth1d4 8 12.5816 73.1263 9 12.2188 74.066
bd2ed2hkth1d2hkth1d2hkth1d2 9 13.4057 73.05 9 12.9434 66.0603
hkth5d8bd2 7 13.5769 74.0769 8 14.0542 74.1394
bd4ed2hkth1d2hkth1d2 9 16.4288 66.0669 10 12.9006 63.054
hkth2d4bd2bd2bd2 10 13.6156 67.8269 10 13.2745 66.0466
bd2bd4hkth2d4 10 12.4961 64.8874 10 14.0739 75.8291
hkth4d6ed2ed2 8 13.3405 65.1357 9 13.1177 71.2897
hkth1d6ed4 8 13.4871 84.1611 8 12.735 84.2074
bd10 2 16.2381 69.4134 3 12.7492 74.0566
hkth6d10 2 14.4366 79.2654 4 13.5424 81.5629
ed2ed4hkth2d4 10 12.4932 64.8894 10 12.7829 68.1129
hkth1d2bd4hkth2d4 10 13.121 65.1351 10 12.7452 69.0389
bd2hkth1d4hkth2d4 9 15.8894 70.1563 10 12.5183 71.4891
ed2ed4hkth1d4 9 12.7595 72.134 10 12.9497 76.0457
hkth8d10 3 13.68 73.1057 4 13.0592 74.0106
hkth1d8ed2 8 13.9315 100.164 8 13.1831 100.46
hkth3d4hkth1d2hkth1d2hkth1d2 10 13.1342 68.4934 10 15.3218 65.4611
bd2ed2ed2hkth1d2hkth1d2 9 13.5053 71.9931 9 13.0796 63.0683
hkth2d10 2 13.4991 85.2234 3 16.2237 85.0094
bd8bd2 8 12.9188 66.768 8 13.0385 69.0949
ed2hkth1d4hkth1d4 9 12.5846 73.1163 10 12.2066 74.0651
hkth4d6bd2ed2 8 13.3276 65.1369 9 12.929 71.2926
ed4bd2ed2hkth1d2 9 12.9721 68.2571 11 12.8862 65.0474
hkth1d6bd4 9 13.4788 84.1611 9 12.8023 84.2054
bd2bd2bd2ed2ed2 8 13.8856 73.6646 9 12.7232 64.0083
hkth7d8hkth1d2 7 13.5397 75.0894 8 28.2551 74.2929
ed2hkth3d4hkth3d4 10 12.8102 67.7937 10 13.0696 71.9931
hkth4d6hkth1d2hkth1d2 8 13.0665 68.0797 8 13.0457 71.2251
ed4ed2ed2ed2 10 12.9492 67.8503 11 12.9988 63.0409
bd2ed4hkth2d4 9 12.4953 64.888 10 12.7913 68.1057
ed2hkth1d2hkth1d2hkth1d2hkth1d2 7 13.239 73.1406 9 13.0821 65.0471
hkth2d6ed2ed2 8 13.6059 70.8731 9 12.6407 74.0094
ed2ed2ed2ed2ed2 9 14.028 73.6623 9 12.6074 64.0094
hkth9d10 3 13.948 75.1066 4 13.6941 76.8109
bd2bd2hkth1d2hkth1d2hkth1d2 9 13.4064 73.0471 9 13.1758 65.0331
hkth1d4ed2ed2ed2 11 13.3095 72.2866 10 13.0193 72.0566
hkth4d6hkth3d4 8 13.8832 72.854 10 13.1262 74.992
hkth4d6bd4 9 13.5593 68.0949 9 13.3447 69.9174
ed8bd2 8 13.0432 63.2317 8 12.4185 69.0269
bd6hkth2d4 8 13.0249 69.8506 8 12.6196 69.0094
ed6hkth1d4 8 12.7644 72.1349 8 12.1849 72.01
bd2ed4ed4 9 13.1047 61.2151 10 12.3815 66.0094
hkth1d10 2 15.4663 116.675 4 14.102 116.009
hkth3d6ed4 9 12.9544 70.1343 9 12.4398 67.0094
ed2bd4hkth3d4 10 16.0945 67.37 9 12.6238 71.9529
bd6ed2ed2 9 13.2778 66.2383 8 13.1636 70.0289
