hkth2d6hkth1d4 8 7.4224 39.004 8 7.50647 38.0594 
hkth1d2hkth1d4hkth2d4 9 7.72704 39.0091 10 7.56209 44.0609 
hkth1d4bd2hkth1d2hkth1d2 9 7.34515 40.0069 9 8.6391 49.0726 
bd2bd2ed2ed2ed2 10 7.7543 34.1611 9 6.49309 41.3817 
hkth1d2hkth3d4hkth3d4 9 7.8529 39.6257 10 8.96809 42.0463 
hkth1d2bd4ed4 9 7.45848 30.1626 10 8.97066 36.5186 
hkth1d4ed2hkth1d2hkth1d2 9 7.34433 40.0069 10 7.85382 51.0554 
hkth2d4ed2ed2ed2 10 7.42187 33.1866 11 7.6469 41.7417 
hkth4d10 2 8.29143 39.9983 4 9.23172 40.8117 
hkth1d4bd2ed2ed2 10 7.76643 41.422 11 7.12899 50.9143 
hkth2d6bd2bd2 8 7.38894 40.138 9 7.50975 44.7551 
hkth2d4bd2ed2hkth1d2 10 7.42004 32.1934 10 7.53836 41.228 
bd2bd2ed2ed2hkth1d2 8 7.71945 34.1537 9 6.51252 40.6711 
ed2ed4hkth2d4 9 7.0314 32.1151 9 7.74219 30.0483 
hkth3d6bd2bd2 9 6.30065 39.1757 9 7.98632 44.7183 
bd6bd2ed2 9 7.41377 35.1717 9 9.51972 43.1269 
hkth3d4bd2bd2bd2 10 7.76428 33.334 10 8.01828 48.6 
hkth7d8ed2 8 6.67639 43.2351 9 9.21724 58.0886 
hkth4d6ed4 8 6.2569 34.1211 9 8.81437 39.5483 
hkth1d10 2 10.1745 80.0046 3 9.2678 80.0129 
hkth1d6bd2bd2 8 8.3538 55.9723 9 8.26493 61.0466 
bd2bd2bd2bd2bd2 9 7.71137 34.1594 8 6.46431 42.4606 
hkth3d6bd2hkth1d2 8 7.75832 38.1857 8 7.89146 43.9346 
bd4bd2bd2hkth1d2 10 7.34064 31.704 9 7.9176 42.7111 
hkth3d4hkth1d2hkth1d2hkth1d2 9 7.59389 33.6594 10 9.65968 46.9257 
ed2bd4hkth2d4 9 7.04293 36.3314 10 8.28081 39.05 
hkth1d2ed4ed4 10 7.42654 34.4034 10 8.54779 34.07 
hkth3d6hkth1d2hkth1d2 9 6.30715 38.9263 8 8.92497 42.7266 
hkth3d6ed2hkth1d2 9 6.40019 38.1866 9 7.97608 43.2486 
bd2bd4ed4 10 7.50702 31.7591 9 7.70701 37.0963 
ed6bd2ed2 7 6.97948 37.0423 8 7.52091 33.5429 
bd2ed2ed2ed2hkth1d2 10 7.72317 34.1557 9 6.36999 40.0526 
hkth1d8bd2 8 8.83127 69.0474 8 8.68469 70.9966 
hkth3d6hkth3d4 9 6.47748 37.9983 9 8.83339 39.1054 
hkth1d4ed2ed2hkth1d2 10 7.6455 41.2126 10 7.90446 51.0183 
ed6bd2hkth1d2 9 6.98034 36.88 10 7.51157 33.052 
hkth3d6bd4 8 7.68911 37.9983 9 7.74094 39.0403 
hkth2d6bd4 8 7.52982 38.0017 8 8.86196 40.0574 
ed6bd4 9 7.00292 29.0329 8 7.57563 30.6537 
ed10 2 7.56807 32.6706 4 7.09172 29.0651 
ed6hkth2d4 8 7.90327 35.8726 9 7.31689 29.1477 
bd2bd2bd2ed2ed2 8 7.71039 34.158 9 7.10186 41.8997 
ed2ed2ed2hkth1d2hkth1d2 9 7.78849 34.54 9 7.90969 39.0971 
hkth2d8hkth1d2 7 7.95762 46.0006 8 7.4768 45.7223 
hkth2d4bd2hkth1d2hkth1d2 9 7.3706 34.0054 10 7.73459 40.6917 
hkth2d4bd2bd2bd2 10 7.41678 33.1903 10 7.74388 45.51 
hkth4d6hkth1d4 8 6.23223 37.8151 8 8.68832 39.2357 
hkth3d4ed2hkth1d2hkth1d2 9 7.74869 33.0091 11 9.3195 49.7 
hkth4d6bd4 7 7.83022 35.4649 9 7.85804 42.0223 
bd8bd2 8 7.58438 34.8534 8 9.4559 44.6066 
hkth1d6bd4 7 7.81769 53.7537 9 8.39979 57.0331 
hkth1d2bd4hkth1d4 9 7.41948 40.9111 10 8.23986 37.9323 
bd2hkth1d4hkth2d4 9 7.74641 39.01 10 6.23595 43.0591 
ed4bd2hkth1d2hkth1d2 9 7.22663 32.9631 9 7.72227 36.7729 
ed2ed2ed2ed2hkth1d2 10 7.71491 34.1697 9 7.76328 39.2557 
hkth3d6ed2ed2 8 6.26913 39.1734 9 7.86175 44.2069 
hkth5d10 2 7.15527 43.5366 5 8.36982 43.0723 
bd2ed4hkth2d4 9 7.02764 32.1226 11 6.36715 31.5586 
hkth1d2ed4hkth3d4 9 7.41864 33.0549 10 9.02265 34.7766 
hkth1d6ed4 8 7.81623 53.766 9 9.07185 57.028 
bd2ed4hkth3d4 9 7.42187 32.3074 10 6.59077 35.0989 
hkth5d8ed2 8 6.95274 43.0317 8 8.40291 45.9337 
ed2hkth1d4hkth1d4 10 7.67179 43.0086 10 7.55026 43.708 
hkth2d4bd2bd2ed2 10 7.42154 33.184 11 7.74673 43.2243 
hkth7d10 2 7.21535 43.8526 4 10.5198 51.6943 
bd4bd2ed2ed2 10 7.34545 31.9014 10 8.8446 43.2131 
hkth3d4bd2hkth1d2hkth1d2 9 7.75609 33.0091 10 9.42892 48.9229 
hkth1d2hkth2d4hkth3d4 9 7.79614 40.316 10 7.19717 36.2369 
bd2bd2bd2bd2hkth1d2 8 7.74462 34.1531 9 6.83536 41.7583 
bd6hkth1d4 7 7.39796 37.7854 9 6.89312 38.6209 
bd2bd4hkth3d4 10 7.68281 39.2523 9 7.6867 37.8917 
hkth1d8hkth1d2 7 8.82992 69.0669 8 9.24572 69.0683 
ed6ed4 8 6.99269 29.724 10 8.22149 29.1477 
hkth2d4bd2bd2hkth1d2 9 7.41103 32.1937 11 7.76476 42.4583 
hkth2d6bd2ed2 8 7.37753 40.1397 8 7.41165 44.2649 
hkth7d8hkth1d2 7 7.16031 43.0557 9 9.53438 57.6877 
hkth5d8bd2 8 6.83439 43.0326 8 8.59542 47.7063 
hkth6d8bd2 7 6.75256 42.5837 9 8.8892 50.8874 
bd4bd2bd2ed2 10 7.37831 32.0023 10 7.97925 43.2311 
hkth3d4bd2bd2hkth1d2 10 7.71959 34.0511 10 8.04033 47.908 
ed4bd2bd2ed2 10 7.34812 31.9483 10 9.03229 38.398 
hkth1d2ed4hkth2d4 9 7.11879 31.1989 10 7.67687 30.0671 
hkth2d6ed4 8 7.57121 38.0017 9 7.47973 39.2209 
ed2ed4ed4 9 7.37983 35.1934 12 8.54581 33.9557 
hkth1d6hkth1d2hkth1d2 8 8.29681 55.0071 9 8.93009 60.0457 
bd6ed2hkth1d2 8 7.39879 35.1589 8 8.26043 42.2346 
bd2bd2bd2hkth1d2hkth1d2 9 7.7352 34.5406 9 6.59951 40.9303 
bd2hkth3d4hkth3d4 10 7.76701 39.4617 10 8.99896 41.6997 
hkth3d8bd2 8 6.71963 42.92 8 8.01844 44.782 
hkth2d6ed2ed2 9 7.35753 40.1354 9 7.37646 44.2631 
hkth1d2bd4hkth3d4 10 7.61073 38.192 10 9.20478 37.6897 
ed6hkth1d2hkth1d2 8 7.00388 37.068 9 7.62666 33.0603 
bd6bd4 8 7.74838 33.1786 9 8.50003 38.0391 
ed2bd4bd4 11 8.06204 33.2517 10 8.08403 37.0346 
bd2ed2ed2ed2ed2 10 7.72848 34.1589 11 6.50138 41.0511 
ed8hkth1d2 8 7.07145 35.9371 8 7.49269 33.0477 
hkth5d6bd2hkth1d2 8 6.32488 38.8069 10 8.34443 52.5163 
bd2hkth2d4hkth2d4 9 7.37883 37.0006 9 5.94577 34.7714 
ed8ed2 7 7.0311 36.004 8 7.52759 32.272 
bd2bd2bd2bd2ed2 9 7.75737 34.1629 9 6.81803 43.2206 
bd2ed2hkth1d2hkth1d2hkth1d2 8 7.80258 35.0126 9 6.40547 39.732 
hkth5d6hkth1d2hkth1d2 9 7.14176 37.3057 9 9.86239 52.9114 
ed4ed2ed2hkth1d2 10 7.35576 31.7043 10 7.88182 38.5277 
hkth4d6bd2hkth1d2 7 7.44684 35.2331 9 8.06488 45.2043 
hkth5d6bd4 8 6.65681 40.7854 9 8.05189 48.7734 
ed6bd2bd2 8 7.01263 37.0369 9 7.52346 33.0983 
hkth3d4ed2ed2ed2 10 7.76416 33.3349 11 9.08139 45.1711 
ed4ed2ed2ed2 11 7.32631 31.8969 10 8.99979 38.0543 
hkth4d8ed2 7 6.52048 41.6823 9 8.82976 40.1631 
hkth5d6ed2ed2 8 6.59398 38.8806 10 9.4896 50.8997 
hkth2d4bd2ed2ed2 10 7.38419 33.1869 10 7.67232 42.4337 
ed6hkth1d4 7 7.01976 37.7369 8 7.40936 37.2751 
bd2hkth1d2hkth1d2hkth1d2hkth1d2 8 7.41185 37.0046 9 7.30099 41.2434 
hkth1d2hkth1d4hkth3d4 10 7.89953 40.5043 10 8.85769 43.052 
hkth8d10 2 6.57575 35.7831 5 9.50139 50.194 
hkth4d8hkth1d2 7 6.40411 41.7117 8 7.9892 40.7366 
bd4bd2bd2bd2 9 7.3309 31.906 9 7.9746 43.7234 
bd6hkth2d4 8 7.44781 34.9674 9 6.90956 40.0443 
hkth3d4bd2ed2ed2 9 7.80039 33.3531 11 9.46315 45.342 
hkth1d6ed2hkth1d2 8 8.32488 55.0071 8 8.27256 61.034 
hkth4d6ed2ed2 9 7.37718 35.9226 9 8.04854 45.37 
hkth1d6hkth1d4 7 7.83059 53.0597 8 8.61382 53.0826 
hkth2d6hkth1d2hkth1d2 8 7.56428 38.1274 9 7.49053 42.7814 
hkth3d6hkth2d4 8 6.62774 38.902 8 7.82246 39.444 
bd6ed2ed2 8 7.39192 35.1711 8 9.53683 43.1146 
bd2bd2hkth1d2hkth1d2hkth1d2 8 7.77921 35.0229 8 7.89102 40.1197 
hkth6d8hkth1d2 8 6.96539 43.62 8 8.80221 49.9306 
ed2bd4ed4 9 7.46784 31.6703 10 9.02952 37.0803 
bd2bd4hkth1d4 9 7.39361 41.0089 9 7.0133 38.6451 
hkth1d4ed2ed2ed2 9 7.72255 41.4191 10 7.9672 51.0086 
ed6ed2ed2 9 6.98942 37.0397 9 7.50898 33.2074 
hkth5d6bd2bd2 8 6.32726 38.8743 9 8.43639 53.4563 
ed4bd2bd2hkth1d2 9 7.20243 31.708 10 7.94937 38.2106 
hkth1d2hkth1d2hkth1d2hkth1d2hkth1d2 8 7.42408 37.0046 9 8.58871 40.0409 
hkth5d6hkth1d4 8 6.61131 38.328 9 9.44326 46.4606 
ed4bd2ed2ed2 9 7.22269 31.9429 10 8.82364 38.1317 
hkth5d6ed2hkth1d2 9 6.53444 38.8071 9 9.59287 51.0663 
bd4hkth1d2hkth1d2hkth1d2 10 7.36872 32.972 10 9.1358 40.0303 
hkth5d8hkth1d2 8 6.86366 42.1809 9 8.49855 46.7103 
bd4ed2ed2ed2 11 7.36412 31.94 10 8.00538 43.2006 
hkth3d6bd2ed2 8 7.65701 39.1757 9 8.31969 44.2057 
bd6hkth3d4 9 7.58292 35.7469 8 9.52088 38.7983 
hkth4d8bd2 8 6.43222 41.6834 9 9.10434 41.0137 
bd6hkth1d2hkth1d2 8 7.43325 34.5034 9 8.50432 41.7646 
hkth2d4ed2hkth1d2hkth1d2 10 7.34148 34.0054 10 7.50779 40.2389 
ed6ed2hkth1d2 8 6.97729 36.8789 9 7.48136 33.0486 
hkth1d2hkth2d4hkth2d4 9 7.67896 37.0006 9 7.42487 34.7897 
hkth1d6bd2hkth1d2 8 8.29978 55.0071 8 8.2827 61.0211 
bd2bd2bd2ed2hkth1d2 9 7.72046 34.1534 9 6.61003 41.6543 
hkth1d2bd4bd4 9 7.92777 33.23 9 7.9251 37.0383 
hkth1d6ed2ed2 7 8.35688 55.9654 9 8.08324 61.0286 
hkth6d10 3 6.98333 43.678 4 7.05693 43.9609 
hkth1d2hkth1d4hkth1d4 9 7.66822 43.0086 9 8.32961 42.824 
hkth1d4hkth1d2hkth1d2hkth1d2 9 7.34813 40.0069 10 8.48877 47.0826 
hkth3d6ed4 8 6.52964 39.6569 9 8.92447 38.7237 
hkth1d6hkth2d4 8 7.96882 53.74 9 7.96738 54.2349 
bd10 3 7.54174 33.8746 3 8.62624 42.0497 
hkth5d6hkth2d4 7 6.52896 38.2143 8 8.61141 47.8583 
hkth3d10 2 8.326 42.9983 3 9.02219 45.7743 
hkth4d6bd2bd2 8 7.4622 35.9346 9 8.15195 46.1466 
hkth2d6hkth3d4 8 7.70712 38.874 9 8.7254 39.0511 
hkth1d4bd2bd2hkth1d2 11 7.65536 41.2131 10 7.92769 51.0223 
bd2hkth2d4hkth3d4 9 7.91312 39.2577 10 8.22055 37.7743 
ed2bd4hkth3d4 9 7.67451 39.2883 10 9.28272 37.7109 
hkth6d8ed2 8 6.77729 42.5891 9 8.62336 50.32 
ed2hkth3d4hkth3d4 11 7.7384 39.3877 11 8.93668 41.7283 
hkth3d4bd2bd2ed2 10 7.78884 33.3323 10 9.17046 45.2563 
hkth2d8bd2 7 7.69592 46.0017 8 7.62263 46.6357 
hkth2d4hkth1d2hkth1d2hkth1d2 10 7.41595 34.0054 10 7.73506 39.0674 
bd8hkth1d2 7 7.73605 34.9017 8 9.47398 43.8409 
hkth1d4bd2ed2hkth1d2 9 7.65972 41.2117 11 7.95072 50.8471 
bd2bd2ed2hkth1d2hkth1d2 9 7.72759 34.54 9 6.55391 40.2909 
bd2ed2ed2hkth1d2hkth1d2 10 7.73127 34.5366 9 6.43985 40.0503 
bd4bd2hkth1d2hkth1d2 9 7.35861 32.9691 10 7.99296 41.6906 
hkth1d2bd4hkth2d4 9 7.2912 36.1446 9 8.91169 39.05 
bd8ed2 8 7.63662 34.8414 8 9.16385 44.008 
ed2hkth2d4hkth3d4 9 7.91697 39.2449 10 8.82468 35.048 
ed2ed4hkth3d4 9 7.43182 32.3189 11 9.14312 34.8063 
ed6hkth3d4 9 7.17263 34.9929 8 8.7669 34.786 
ed2ed2ed2ed2ed2 10 7.75866 34.164 10 7.7744 40.0923 
hkth2d8ed2 8 7.66689 46.0017 8 9.01789 46.1729 
ed4bd2ed2hkth1d2 10 7.2136 31.7237 10 7.87764 38.4869 
hkth2d6bd2hkth1d2 8 7.32008 39.2454 9 7.55493 43.6814 
hkth2d6ed2hkth1d2 8 7.6654 39.2511 9 7.45178 43.2654 
hkth4d6hkth2d4 8 6.27711 34.1757 10 7.93279 39.0306 
hkth3d8hkth1d2 8 6.92332 42.156 8 8.44624 43.7474 
hkth4d6ed2hkth1d2 8 6.08392 35.0986 9 8.10815 44.476 
bd4ed2hkth1d2hkth1d2 9 7.34244 32.9691 10 7.64068 41.4734 
bd6bd2hkth1d2 7 7.44254 35.1491 9 8.89282 42.7026 
ed2hkth1d4hkth2d4 10 7.7398 39.0114 10 7.55647 42.2714 
hkth3d8ed2 8 6.67719 42.9211 9 7.96629 44.2394 
hkth1d6hkth3d4 8 7.9393 53.8023 9 9.15278 54.0511 
hkth5d6ed4 8 6.65639 39.6471 9 9.43471 48.0823 
bd2ed4hkth1d4 9 7.41737 41.0086 10 6.3903 37.2706 
bd2bd4bd4 10 8.05959 33.2414 10 6.8465 37.0534 
hkth4d6bd2ed2 8 7.4455 35.9291 10 8.06255 45.4623 
ed2hkth2d4hkth2d4 9 7.39083 37.0006 10 7.46242 34.9954 
bd6bd2bd2 9 8.12252 35.184 9 8.33081 43.684 
hkth1d4bd2bd2bd2 10 7.72498 41.3737 10 8.0294 50.968 
hkth1d8ed2 8 8.8384 69.046 8 8.77892 70.9997 
hkth4d6hkth3d4 9 6.83697 36.9097 9 9.20843 41.748 
hkth3d6hkth1d4 8 6.42893 39.0043 8 7.7466 38.05 
hkth2d4ed2ed2hkth1d2 10 7.40539 32.1951 11 7.54756 41.3754 
ed8bd2 8 7.02609 36.004 9 7.59228 33.2097 
ed2ed2hkth1d2hkth1d2hkth1d2 9 7.7681 35.0154 9 7.76978 38.7469 
bd2hkth1d4hkth3d4 9 8.04462 39.3211 10 7.50694 43.0583 
ed2hkth1d4hkth3d4 9 8.00477 39.3374 10 8.98677 43.0529 
bd2hkth1d4hkth1d4 9 7.71569 43.0086 9 6.13454 43.6989 
hkth7d8bd2 8 6.64539 43.2334 9 9.43233 58.6791 
ed4bd2bd2bd2 11 7.38122 31.9011 10 7.91899 38.9829 
ed2bd4hkth1d4 9 7.36733 41.0057 9 8.2451 37.9126 
bd2ed4ed4 9 7.37703 35.1846 10 7.26264 34.2949 
bd4ed2ed2hkth1d2 12 7.36034 31.7106 10 8.44702 42.244 
hkth1d6bd2ed2 8 8.38902 55.966 9 8.11428 61.0329 
ed2ed4hkth1d4 8 7.39876 41.0086 9 8.67681 37.2637 
hkth2d6hkth2d4 8 7.45995 39.0017 8 7.42504 37.764 
bd4bd2ed2hkth1d2 10 7.33261 31.7026 10 7.78911 42.2394 
hkth1d4bd2bd2ed2 9 7.76017 41.3683 10 8.636 50.9811 
hkth3d4bd2ed2hkth1d2 11 7.74966 34.0591 11 8.00488 46.5097 
bd2bd4hkth2d4 10 7.0517 36.3191 10 6.90165 39.0337 
hkth3d4ed2ed2hkth1d2 10 7.76294 34.0589 11 7.98146 46.296 
ed4hkth1d2hkth1d2hkth1d2 9 7.38853 32.97 10 7.9102 36.1914 
hkth9d10 3 6.79804 38.7454 5 11.618 57.9797 
ed4ed2hkth1d2hkth1d2 10 7.37964 32.9677 10 7.94388 38.9574 
hkth5d6hkth3d4 9 6.7536 38.1826 9 9.63168 48.1823 
hkth1d2ed4hkth1d4 8 7.43564 40.904 9 7.65267 37.2626 
ed2hkth1d2hkth1d2hkth1d2hkth1d2 8 7.43654 37.0046 10 7.9088 40.5923 
hkth5d6bd2ed2 8 6.46939 38.8543 9 9.46477 50.8811 
bd6ed4 8 7.42638 34.0369 9 8.15946 37.2503 
hkth4d6hkth1d2hkth1d2 8 6.20451 36.0271 9 9.23906 45.1891 
hkth2d10 2 8.13501 49.0006 3 7.74276 48.0437 
fake 6 0 0 7 0 0 
 
