bd4ed2hkth1d2hkth1d2 10 3.54776 23.5009 11 4.13954 29.8014 
ed6bd2hkth1d2 8 3.55585 25.0694 9 3.60031 24.7106 
hkth1d2ed4ed4 10 3.81394 26.5683 9 3.48969 23.2889 
hkth3d4bd2bd2bd2 10 4.02752 27.8097 10 4.45317 33.2783 
hkth2d4bd2ed2ed2 9 3.85563 26.0237 11 3.654 27.7969 
hkth2d4hkth1d2hkth1d2hkth1d2 9 3.74068 26.2817 11 3.72257 27.6954 
bd2hkth1d2hkth1d2hkth1d2hkth1d2 7 3.5847 21.4794 9 3.87384 28.1726 
hkth3d4bd2ed2hkth1d2 11 3.92773 27.2211 11 3.85809 32.3126 
ed2hkth1d4hkth3d4 9 3.92114 26.6171 10 3.59006 26.7763 
ed8ed2 8 3.96631 33.4531 9 3.47318 26.0066 
hkth4d6ed4 8 4.00596 26.6909 9 3.60509 30.2751 
hkth7d8hkth1d2 7 6.05112 32.6731 9 4.67066 50.8694 
hkth4d6bd2ed2 8 3.97669 26.7529 8 3.86663 33.4306 
bd6bd2hkth1d2 8 3.78375 26.6914 9 4.8456 30.83 
bd2bd2bd2bd2ed2 10 3.70042 21.8094 8 4.39607 30.6206 
hkth4d6ed2ed2 9 3.97972 26.7497 9 3.84866 33.7843 
hkth4d6bd4 8 4.30006 30.0666 9 4.13894 30.9111 
hkth2d4bd2bd2hkth1d2 10 3.8659 25.9191 10 3.87441 28.4074 
bd2bd2bd2ed2hkth1d2 10 3.635 21.4643 8 4.17417 29.5809 
bd2bd4hkth3d4 9 3.91926 25.8443 10 4.42559 27.248 
hkth3d4bd2bd2ed2 9 4.02701 27.8177 11 4.10741 32.4997 
hkth9d10 3 4.33348 31.0103 4 5.22396 57.2186 
ed2hkth1d4hkth2d4 9 3.70602 25.8477 9 3.48866 26.4457 
bd2bd4hkth2d4 8 3.63805 25.9409 10 4.35866 27.2063 
hkth1d2ed4hkth1d4 9 3.54208 25.0589 9 3.53145 24.104 
hkth2d4ed2hkth1d2hkth1d2 10 3.75594 26.6517 10 3.66868 27.2369 
bd2bd2ed2ed2hkth1d2 8 3.63474 21.4666 9 3.94384 28.8223 
bd2ed2hkth1d2hkth1d2hkth1d2 9 4.69871 21.6466 9 3.84122 26.8194 
ed4bd2ed2ed2 10 3.54356 23.1746 11 3.6935 27.8226 
ed6bd4 8 3.77045 26.1197 9 3.85415 24.0114 
hkth1d2bd4ed4 9 3.85572 25.9231 11 3.91125 26.9554 
ed4bd2bd2hkth1d2 10 3.5468 21.9094 10 3.90899 27.5666 
bd2bd4ed4 9 3.86973 25.8509 10 4.18509 26.6834 
hkth1d6ed4 7 3.59051 33.6363 8 3.64267 34.6351 
bd2bd4hkth1d4 9 3.55072 25.0269 9 4.27094 25.9534 
hkth3d6hkth2d4 7 3.98743 25.6631 9 3.617 29.1829 
ed8hkth1d2 7 4.04723 33.0643 9 3.55295 26.1003 
ed2hkth1d2hkth1d2hkth1d2hkth1d2 8 3.58283 21.4817 8 3.83676 25.7946 
bd2hkth1d4hkth3d4 8 3.91635 26.5514 9 3.84709 26.8629 
bd6hkth1d2hkth1d2 8 3.8266 27.084 9 4.5863 29.3897 
ed6hkth1d4 7 3.55047 24.4934 8 3.40303 23.6657 
hkth4d6bd2hkth1d2 8 3.95331 26.8869 9 4.00015 34.2751 
hkth4d6hkth2d4 8 3.90054 26.0677 9 3.81379 30.2271 
bd4bd2ed2ed2 9 4.90151 23.1089 10 4.33231 29.4786 
hkth5d6hkth2d4 8 4.11732 30.1254 10 4.06245 38.1077 
hkth1d2ed4hkth2d4 8 3.57716 23.12 9 3.57011 22.4269 
bd2bd2ed2hkth1d2hkth1d2 8 3.65279 21.6449 9 3.89208 26.7994 
ed2hkth2d4hkth2d4 10 3.86342 26.4263 10 3.49314 24.9917 
bd2ed4ed4 10 3.80177 26.4574 9 3.62366 24.3706 
hkth1d6bd4 8 3.59863 33.6369 8 4.05626 34.9497 
hkth3d10 2 3.82562 30.282 3 3.53646 31.5414 
hkth3d6bd2bd2 8 3.90268 26.3143 9 4.0938 33.5826 
bd4bd2bd2ed2 9 3.5483 23.1377 10 4.57379 31.0094 
hkth4d8hkth1d2 7 3.82731 28.5274 8 3.84455 34.332 
hkth2d6ed4 8 3.63606 27.6374 9 3.4938 26.38 
bd6ed2hkth1d2 9 3.78543 26.6671 10 4.52688 29.9666 
hkth3d6ed2ed2 8 3.90409 26.3151 9 3.72718 33.064 
bd2bd2ed2ed2ed2 9 3.69943 21.8074 9 4.04312 28.666 
bd6hkth1d4 8 3.69277 25.9314 8 4.53498 26.438 
hkth3d8ed2 8 3.92248 31.2786 8 3.57532 29.8471 
ed2ed2ed2hkth1d2hkth1d2 9 3.65225 21.7166 9 3.82679 25.4823 
bd2bd2bd2hkth1d2hkth1d2 9 3.65239 21.6463 8 4.23841 27.2331 
hkth1d2ed4hkth3d4 9 3.73692 23.8014 10 3.66635 25.276 
hkth2d8hkth1d2 7 3.80449 32.794 8 3.55925 31.2757 
hkth1d8ed2 8 3.94912 43.0511 7 3.88291 43.8743 
ed2hkth1d4hkth1d4 8 3.55607 26.7377 10 3.51969 27.0066 
hkth2d4bd2ed2hkth1d2 10 3.86394 25.8997 10 3.67762 27.8711 
hkth7d10 2 4.4734 35.4014 5 4.55973 47.45 
hkth4d6bd2bd2 8 3.97711 26.754 9 4.26375 34.1006 
bd4bd2bd2hkth1d2 9 3.54923 21.9403 11 4.58696 30.6403 
hkth2d6hkth3d4 8 3.91592 27.7874 8 3.56659 26.5826 
hkth7d8ed2 8 5.89832 32.1723 9 4.67601 51.4023 
bd4hkth1d2hkth1d2hkth1d2 9 3.55942 22.1137 10 4.16194 29.9274 
hkth2d6hkth2d4 8 3.74345 27.4914 8 3.45547 27.268 
bd2hkth1d4hkth1d4 8 3.56126 26.746 9 3.68775 26.1583 
bd8hkth1d2 8 3.86584 31.1186 9 5.11545 31.934 
hkth5d8bd2 7 4.19734 34.9546 9 4.18068 38.5031 
ed2ed2hkth1d2hkth1d2hkth1d2 8 3.61095 21.644 10 3.76868 25.3503 
bd4bd2ed2hkth1d2 10 4.90438 21.8417 10 4.34096 29.8651 
hkth2d8bd2 8 3.78375 32.8257 8 3.61628 31.8529 
hkth4d6hkth1d2hkth1d2 8 3.87952 26.8374 9 3.8922 33.7589 
hkth1d2bd4hkth3d4 9 4.01175 25.8923 10 4.18394 27.6183 
hkth3d4bd2ed2ed2 10 4.02871 27.8151 11 3.84001 32.1014 
ed2bd4hkth2d4 10 3.63953 25.9423 10 4.18043 28.5434 
bd6hkth3d4 8 3.94715 26.8326 9 4.66937 28.2954 
hkth2d6hkth1d2hkth1d2 8 3.69737 27.7226 9 3.58696 29.1689 
hkth1d6hkth1d2hkth1d2 8 3.6734 34.5877 8 3.87953 37.428 
bd10 2 4.10616 28.0823 4 5.66033 30.7814 
ed2bd4hkth3d4 10 3.92001 25.8451 10 4.18161 27.7217 
hkth3d4hkth1d2hkth1d2hkth1d2 9 3.90688 28.0923 10 3.86357 32.0843 
bd6ed2ed2 9 3.83795 26.6643 9 4.54564 30.1049 
hkth1d4bd2ed2hkth1d2 10 3.58621 28.2114 10 3.72344 30.914 
hkth4d6hkth1d4 9 3.79205 27.216 8 3.73499 29.6934 
ed6hkth3d4 8 3.75602 25.0803 9 3.58384 25.256 
hkth3d4ed2hkth1d2hkth1d2 9 3.99347 27.7943 11 3.85685 32.8854 
hkth1d6ed2hkth1d2 7 3.6739 34.588 8 3.84085 37.4214 
bd2bd2bd2bd2bd2 8 3.69972 21.8009 9 4.48631 31.1003 
ed2ed4hkth3d4 8 3.7085 23.72 9 3.63021 25.778 
ed6bd2bd2 8 3.6097 25.5877 8 3.84686 25.5811 
bd2ed4hkth3d4 8 3.71288 23.7654 9 3.86964 25.6511 
ed6ed2hkth1d2 9 3.59355 25.0694 9 3.53443 23.7437 
hkth3d6bd2hkth1d2 8 3.87387 26.3403 8 3.85125 33.4954 
hkth1d4hkth1d2hkth1d2hkth1d2 9 3.59536 27.9971 10 3.7315 30.798 
hkth1d4bd2bd2bd2 10 3.58468 27.5751 10 4.12044 31.7991 
ed4hkth1d2hkth1d2hkth1d2 9 3.55407 22.1237 11 3.85167 27.0686 
bd8ed2 8 3.85713 31.138 8 5.2928 31.784 
ed6bd2ed2 8 3.54596 25.576 9 3.54216 24.8709 
bd2hkth3d4hkth3d4 9 4.02325 27.2783 11 3.93559 28.6574 
hkth1d4bd2ed2ed2 10 3.58646 27.5889 10 3.6739 31.2066 
hkth7d8bd2 7 4.25463 32.18 9 4.92653 51.4971 
hkth6d8bd2 8 4.24786 31.6777 10 4.47752 43.4434 
hkth3d6bd2ed2 9 3.90577 26.3146 9 3.82704 32.6934 
hkth2d10 2 3.68535 33.9969 3 3.55354 33.0214 
hkth5d10 2 4.17015 31.228 4 3.90962 39.0651 
hkth1d2hkth1d4hkth2d4 9 5.07879 25.8577 11 3.50073 26.4491 
hkth2d4ed2ed2hkth1d2 9 3.86659 25.9106 10 3.59142 27.1371 
hkth5d6bd2hkth1d2 9 4.12527 30.7774 11 4.30045 41.8183 
hkth5d6bd4 9 4.50471 27.4234 9 4.46224 38.4886 
hkth1d2hkth3d4hkth3d4 9 4.10634 27.162 10 3.71135 28.416 
hkth6d10 2 4.16106 32.3234 4 4.07093 39.3006 
hkth2d4bd2hkth1d2hkth1d2 10 3.75719 26.4874 11 3.68838 27.9957 
hkth3d6bd4 8 3.88546 25.9126 8 4.09434 30.404 
ed4bd2hkth1d2hkth1d2 9 3.54451 23.568 10 3.85397 28.0849 
hkth2d4bd2bd2bd2 9 3.857 26.024 11 4.12406 28.6851 
hkth5d8ed2 8 5.82204 34.95 9 3.87785 38.1686 
ed4ed2ed2ed2 10 3.75804 23.1049 9 3.69748 26.55 
hkth1d6hkth2d4 8 3.79675 33.6694 8 3.61657 33.566 
hkth1d4ed2ed2ed2 10 3.58656 27.5774 9 3.7126 31.0734 
hkth1d4bd2hkth1d2hkth1d2 9 3.59345 27.998 10 3.74103 31.5151 
bd4bd2bd2bd2 9 3.54882 23.0654 9 4.67855 31.098 
ed6ed2ed2 9 3.54321 25.5909 9 3.4602 23.7989 
bd2bd2bd2bd2hkth1d2 9 3.64166 21.4623 9 4.49323 30.746 
ed2ed2ed2ed2ed2 9 3.70124 21.8211 9 3.72924 25.0823 
hkth2d6hkth1d4 8 3.60109 27.4083 8 3.44843 26.2754 
hkth3d6hkth1d2hkth1d2 8 3.88822 26.318 8 3.82598 32.9789 
hkth1d2hkth1d4hkth3d4 9 5.34543 26.0051 10 3.60848 27.2503 
hkth8d10 2 5.82961 29.2843 4 4.75468 49.4031 
hkth6d8hkth1d2 7 4.2398 31.8394 9 4.17819 42.7351 
hkth1d2hkth1d2hkth1d2hkth1d2hkth1d2 8 3.61743 21.4803 8 3.7336 24.4829 
bd2ed2ed2hkth1d2hkth1d2 8 5.0544 21.6434 8 3.80166 28.2391 
bd6hkth2d4 7 3.84891 25.7426 9 4.60829 29.0034 
hkth1d6hkth3d4 8 3.74614 33.6437 9 3.64752 33.6691 
hkth2d6bd4 8 3.62866 27.6694 8 4.04211 28.5774 
ed6ed4 8 3.65491 24.4734 8 3.30396 20.9889 
bd2ed4hkth1d4 9 3.54836 25.0597 9 3.65149 24.5129 
ed2ed4hkth1d4 8 3.54317 25.0289 10 3.53497 24.2109 
hkth3d6hkth1d4 8 3.77477 25.7591 8 3.58632 29.4309 
bd2ed2ed2ed2ed2 9 3.70492 21.816 10 3.87644 28.7197 
hkth2d6ed2hkth1d2 8 3.70753 28.026 9 3.592 29.1791 
ed2bd4bd4 9 4.17225 31.0554 10 4.3258 26.326 
hkth1d2hkth1d4hkth1d4 9 4.91316 26.7331 9 3.5174 27.0394 
hkth1d8bd2 8 3.9397 43.0511 7 3.89102 44.3091 
hkth1d4bd2bd2ed2 9 3.58775 27.6074 10 3.87297 31.5154 
bd4bd2hkth1d2hkth1d2 9 3.55686 23.5117 10 4.44683 30.3111 
hkth3d6ed2hkth1d2 8 3.86982 26.3034 9 3.78649 32.772 
bd2hkth1d4hkth2d4 9 3.71251 25.8534 9 3.63605 26.484 
hkth4d6hkth3d4 9 4.40798 29.2046 9 3.78602 30.248 
hkth3d4bd2hkth1d2hkth1d2 9 3.99617 27.698 10 3.89317 33.3271 
hkth4d8bd2 8 3.87217 28.4483 8 3.87676 34.8397 
hkth1d6bd2bd2 8 3.67734 34.6823 9 3.8679 37.9003 
hkth5d6bd2ed2 8 4.13384 31.0651 10 4.25572 40.698 
hkth2d6bd2hkth1d2 8 3.70833 27.8729 8 3.65503 29.4874 
ed6hkth1d2hkth1d2 8 3.55676 25.4623 9 3.50646 23.8263 
bd2ed4hkth2d4 9 3.58106 23.1357 10 3.85006 23.3317 
hkth3d8bd2 8 3.92166 31.2614 8 3.83308 30.3257 
ed4ed2hkth1d2hkth1d2 9 3.54376 23.5049 9 3.73434 27.382 
ed6hkth2d4 8 3.56459 23.9611 9 3.39617 21.0306 
bd6bd2bd2 7 3.82729 26.6494 9 4.84393 31.1783 
hkth1d2hkth2d4hkth2d4 9 3.81961 26.4291 9 3.54574 25.3594 
hkth5d6ed4 8 4.38769 26.972 9 3.89173 38.3771 
ed2ed2ed2ed2hkth1d2 9 3.6348 21.5054 9 3.67349 25.0054 
ed10 2 3.74523 32.3363 4 3.40953 22.65 
hkth1d6bd2ed2 8 3.67815 34.7023 9 3.83225 37.5466 
hkth3d4bd2bd2hkth1d2 11 3.93038 27.2451 10 4.15644 32.5623 
ed2ed4hkth2d4 8 3.57573 23.118 10 3.55751 22.6189 
hkth3d8hkth1d2 7 3.9139 31.1271 8 3.64424 29.9983 
hkth1d2bd4hkth1d4 8 3.54304 25.0274 9 4.03441 26.982 
ed4ed2ed2hkth1d2 9 3.54654 21.8471 10 3.60854 27.1126 
ed8bd2 7 3.96585 33.4389 9 3.64137 26.8031 
hkth2d8ed2 8 3.78259 32.824 8 3.56001 31.1909 
hkth3d4ed2ed2ed2 9 4.03118 27.648 10 3.84842 32.0914 
hkth1d6hkth1d4 8 3.55006 33.0363 8 3.60892 33.9894 
ed2bd4hkth1d4 9 3.54637 25.0191 9 4.0283 26.7157 
hkth5d6ed2ed2 8 4.13369 31.2189 9 4.13226 41.6283 
bd2bd2hkth1d2hkth1d2hkth1d2 8 3.60381 21.6383 8 3.89691 26.9703 
ed2hkth2d4hkth3d4 9 3.98929 26.9843 10 3.60209 24.9269 
ed2hkth3d4hkth3d4 9 4.01876 27.392 10 3.78794 28.5151 
hkth5d6ed2hkth1d2 8 4.12652 30.7989 9 4.12179 42.1223 
ed4bd2ed2hkth1d2 9 3.5565 21.9063 11 3.7139 27.9563 
hkth5d8hkth1d2 7 4.21435 34.9877 8 3.99302 37.5434 
bd2bd4bd4 9 4.16334 30.9717 10 4.47098 27.1386 
hkth5d6hkth3d4 9 4.16831 31.0126 9 4.03741 37.2797 
hkth2d6bd2ed2 8 3.69 27.7974 8 3.63269 29.7797 
ed2bd4ed4 10 3.8686 25.8971 10 3.90918 27.666 
bd2hkth2d4hkth3d4 9 3.99413 26.9157 10 3.87926 26.0383 
hkth2d6ed2ed2 8 3.69182 27.8471 9 3.52396 29.0146 
hkth2d6bd2bd2 8 3.69053 27.8117 9 3.8499 30.554 
bd2bd2bd2ed2ed2 8 3.69951 21.8074 9 4.1761 29.1049 
bd4ed2ed2hkth1d2 9 3.54761 21.8566 10 4.16674 29.9017 
hkth1d10 2 4.19363 50.0023 3 4.09663 50.0131 
hkth3d6hkth3d4 8 4.0283 26.5443 9 3.67991 30.0514 
hkth5d6bd2bd2 8 4.13762 31.208 10 4.59728 41.6966 
hkth1d4ed2hkth1d2hkth1d2 9 3.59547 27.9843 10 3.70337 31.0731 
hkth1d2bd4hkth2d4 9 3.67572 26.0009 10 4.18672 28.4909 
ed2ed4ed4 9 3.7902 26.5866 10 3.46535 23.6549 
bd2ed2ed2ed2hkth1d2 9 5.02981 21.4629 8 3.86956 28.5394 
ed4bd2bd2bd2 9 3.54336 23.1694 11 4.22662 27.7834 
hkth1d6bd2hkth1d2 8 3.67333 34.7243 8 3.84449 37.9611 
hkth1d4bd2bd2hkth1d2 10 3.58561 28.2086 10 3.87399 31.5574 
bd6bd4 9 4.16932 28.3923 8 4.72415 28.622 
hkth3d4ed2ed2hkth1d2 9 3.92628 27.0851 10 3.84629 31.6277 
hkth4d6ed2hkth1d2 8 3.93455 26.904 9 3.86128 33.2189 
bd4ed2ed2ed2 10 3.57925 23.1106 10 4.21392 30.1246 
hkth1d2hkth2d4hkth3d4 9 4.06459 26.758 11 3.63127 25.038 
bd6ed4 8 4.06205 27.4463 8 4.49156 27.7971 
hkth6d8ed2 6 4.25106 31.6729 10 4.11852 42.8343 
hkth2d4bd2bd2ed2 9 3.84935 25.9509 11 3.86991 28.394 
hkth4d8ed2 8 3.8703 28.486 9 3.81714 34.2409 
hkth5d6hkth1d2hkth1d2 7 4.00686 30.5383 9 4.25364 42.2529 
hkth1d2bd4bd4 9 4.18877 30.91 9 4.34835 26.2369 
hkth1d6ed2ed2 7 3.69325 34.6989 8 3.74136 37.7049 
hkth1d4ed2ed2hkth1d2 9 3.58466 28.2094 11 3.62811 31.3057 
hkth1d8hkth1d2 7 3.94074 43.0526 7 3.88356 43.7451 
bd2hkth2d4hkth2d4 9 3.87002 26.4403 9 3.69492 25.5226 
hkth2d4ed2ed2ed2 10 3.85596 25.9597 11 3.71812 27.126 
hkth4d10 2 3.93207 30.3354 4 3.65275 31.8123 
hkth5d6hkth1d4 7 3.99107 29.9217 9 3.99102 38.206 
bd6bd2ed2 9 3.82645 26.5317 9 4.70109 30.9634 
bd8bd2 7 3.85583 31.1254 9 5.20185 32.1766 
ed4bd2bd2ed2 10 3.54423 23.1886 10 3.86943 27.7629 
hkth3d6ed4 8 3.69746 26.4363 9 3.65821 29.9237 
