hkth2d4ed2ed2hkth1d2 11 5.94883 36.5003 9 8.25636 32.2131  4
bd8bd2 8 5.68451 36.7051 8 10.2291 52.3929  2
bd6bd2bd2 8 5.72804 36.6626 8 9.70721 46.6394  3
hkth1d8hkth1d2 7 6.865 54.1814 7 8.89011 44.9934  2
bd6bd2ed2 9 5.74967 36.6637 9 9.50806 45.9006  3
ed6hkth1d2hkth1d2 8 5.52084 30.8583 9 8.78713 24.8686  3
hkth3d6hkth1d2hkth1d2 9 6.42775 48.4137 8 8.79442 42.602  3
ed4bd2ed2hkth1d2 8 5.50707 31.5791 10 9.07329 33.798  4
hkth2d6ed2ed2 8 6.13343 42.3929 9 8.03591 32.1377  3
ed6ed4 8 5.41869 26.9786 9 7.62565 19.3014  2
ed4bd2ed2ed2 10 5.48435 31.4566 9 8.5509 33.0957  4
hkth2d8ed2 7 6.34223 48.2451 8 8.75692 32.1706  2
ed2ed2ed2ed2ed2 9 5.95197 37.5603 9 8.10303 27.5254  5
hkth2d6bd2hkth1d2 7 6.01984 42.2694 8 8.74672 32.2354  3
bd6hkth3d4 8 5.73113 36.5026 8 9.13575 40.8414  2
hkth7d8hkth1d2 7 7.03906 54.1914 9 12.6662 70.078  2
ed2bd4hkth1d4 9 5.54298 31.4769 9 8.85732 38.7811  3
bd4bd2hkth1d2hkth1d2 9 5.5873 31.4194 9 9.30673 45.4866  4
ed8hkth1d2 7 5.53631 31.33 8 8.67176 27.958  2
hkth1d6bd4 8 6.15244 42.1663 8 9.48583 34.9509  2
ed2ed4hkth2d4 9 5.84938 36.5489 10 8.45646 24.4291  3
bd2bd2bd2bd2ed2 9 5.94706 37.5554 9 9.72476 40.9477  5
hkth1d6bd2bd2 8 6.09374 42.0329 7 9.18255 38.7794  3
hkth1d2hkth3d4hkth3d4 9 5.7698 37.2903 9 8.75538 35.6089  3
bd2hkth1d4hkth1d4 8 5.78508 37.0469 9 8.66752 26.6957  3
hkth3d6ed4 9 6.37875 48.5269 9 8.6415 38.5891  2
hkth2d8bd2 7 6.3654 48.2537 7 9.08592 35.4926  2
hkth9d10 2 6.38417 43.1946 4 13.0145 73.7726  1
hkth1d2hkth1d4hkth1d4 8 5.73016 37.0411 9 8.13921 25.37  3
hkth3d8bd2 8 5.9784 42.9177 8 8.51519 39.4269  2
bd2ed2hkth1d2hkth1d2hkth1d2 8 5.99562 37.5391 9 8.51496 38.9417  5
hkth3d6hkth2d4 9 6.44396 48.3311 9 8.80607 40.3411  2
bd2ed4hkth1d4 9 5.52726 31.4746 9 9.03512 28.2117  3
hkth2d8hkth1d2 7 6.33759 48.1603 7 8.64393 32.106  2
hkth4d6bd2ed2 8 5.73283 37.4457 9 9.67252 46.3666  3
hkth2d6hkth3d4 9 6.15516 42.5071 8 9.00167 36.2906  2
hkth3d6ed2ed2 9 6.51104 48.402 8 8.88182 41.8534  3
hkth3d6bd2ed2 8 6.50442 48.396 9 8.94776 42.0889  3
bd2bd2ed2ed2hkth1d2 9 5.95114 37.5569 9 9.15923 39.98  5
bd2bd2bd2ed2hkth1d2 8 5.96901 37.5694 9 9.40923 40.5371  5
hkth1d2hkth1d4hkth2d4 9 6.05719 42.4237 9 8.10591 26.0743  3
hkth1d10 2 7.18921 60.004 3 9.7885 51.4483  1
bd2bd4hkth3d4 10 5.7712 37.4183 9 9.21293 39.9394  3
hkth4d6hkth2d4 7 5.87224 37.8074 8 8.70158 39.0609  2
hkth3d4bd2bd2hkth1d2 10 5.54934 32.1749 9 8.8817 40.4769  4
bd6hkth1d4 9 5.69738 36.4346 7 9.01408 40.3477  2
hkth4d8bd2 7 6.4289 48.3117 8 8.87492 43.0689  2
hkth1d6hkth1d4 7 6.08543 42.1114 7 8.29525 32.0054  2
hkth1d4ed2ed2hkth1d2 9 5.81424 31.468 10 8.44635 31.9334  4
hkth1d2hkth1d2hkth1d2hkth1d2hkth1d2 8 6.10415 37.1663 8 8.08814 25.5837  5
bd4bd2bd2ed2 9 5.47365 31.4503 10 9.58859 45.9811  4
hkth1d4bd2bd2ed2 10 5.87663 32.64 9 8.68932 33.3089  4
hkth1d4hkth1d2hkth1d2hkth1d2 9 5.54584 31.8746 10 8.07839 32.1969  4
bd6hkth1d2hkth1d2 8 5.70888 37.5154 8 9.28885 46.3094  3
hkth4d6hkth3d4 9 6.69794 48.5103 8 8.70238 44.5383  2
hkth5d6hkth1d2hkth1d2 9 6.12186 42.5697 9 9.56067 52.1349  3
bd2bd2ed2hkth1d2hkth1d2 8 5.95653 37.5506 9 8.99529 39.982  5
bd2bd2bd2bd2bd2 9 5.98795 37.5557 8 9.77 41.3183  5
hkth1d4bd2ed2ed2 10 5.84046 32.6386 10 8.55266 33.0877  4
hkth1d8bd2 8 6.87274 54.1834 7 9.22469 44.9549  2
hkth5d6ed2hkth1d2 8 6.1353 42.3174 9 9.47736 52.7554  3
hkth3d6bd2hkth1d2 8 6.45201 48.4429 8 8.94473 43.6414  3
ed4hkth1d2hkth1d2hkth1d2 10 5.74231 31.1271 10 9.15569 32.762  4
ed6bd2bd2 8 5.42297 30.5277 9 8.55636 26.4431  3
ed6bd2hkth1d2 9 5.48994 30.7771 8 8.62696 28.3643  3
hkth7d8bd2 7 7.05723 54.206 9 12.8882 71.4046  2
bd4bd2bd2bd2 10 5.51652 31.4534 10 9.67836 46.1963  4
hkth5d8hkth1d2 7 6.44267 49.4329 8 9.11171 48.7449  2
hkth3d6bd2bd2 9 6.51189 48.4071 8 9.37724 43.7797  3
bd4bd2ed2hkth1d2 9 5.55503 31.566 9 9.50436 45.576  4
ed4ed2ed2ed2 10 5.5322 31.4514 10 8.4253 27.5086  4
bd2bd4ed4 10 5.51178 31.8794 9 8.98539 40.0963  3
hkth1d2bd4hkth2d4 9 6.08457 42.3177 9 8.78012 39.1394  3
ed6ed2hkth1d2 9 5.41043 30.7843 9 8.21158 21.9286  3
hkth1d8ed2 7 6.90014 54.1803 8 9.4102 45.9037  2
ed4bd2hkth1d2hkth1d2 10 5.54361 31.4246 9 9.0147 34.3674  4
hkth5d6ed2ed2 8 6.18376 42.4157 9 9.92953 54.8923  3
ed6bd2ed2 8 5.49982 30.5251 9 8.46485 27.3637  3
bd2bd2bd2bd2hkth1d2 8 5.96225 37.552 8 9.77532 40.714  5
hkth2d6ed2hkth1d2 8 6.07418 42.2631 8 8.17701 32.1694  3
ed4bd2bd2hkth1d2 10 5.50601 31.594 9 8.87894 32.7814  4
hkth1d2bd4hkth3d4 9 5.79976 37.3423 11 9.02549 40.134  3
hkth4d8hkth1d2 8 6.39234 48.3137 8 9.7013 48.7611  2
hkth2d6bd2bd2 9 6.16932 42.3863 9 9.0371 33.4214  3
hkth4d10 2 5.95822 42.3494 4 8.69342 36.4769  1
hkth5d6bd2ed2 9 6.20574 42.4146 9 9.73535 54.8986  3
hkth2d6ed4 8 5.93933 42.2557 8 8.50344 25.5509  2
bd4ed2ed2hkth1d2 10 5.55037 31.5794 9 9.09497 45.0891  4
hkth3d8hkth1d2 7 5.97173 42.5034 8 8.27431 38.5514  2
hkth4d6bd2hkth1d2 8 5.91366 37.6549 10 9.24516 44.6146  3
bd4bd2bd2hkth1d2 9 5.51888 31.5877 9 9.65926 45.9583  4
hkth3d6hkth1d4 8 6.46528 48.2826 8 8.82594 39.9949  2
hkth1d4ed2ed2ed2 9 5.85539 32.6349 10 8.40079 32.3891  4
ed8ed2 8 5.52751 31.3023 8 8.56175 24.0491  2
ed2ed4hkth1d4 9 5.50857 31.4694 10 8.67372 26.7026  3
hkth2d6bd2ed2 8 6.11605 42.3851 8 8.58989 32.2583  3
bd2ed2ed2ed2hkth1d2 9 5.97179 37.5514 9 8.81184 39.0394  5
hkth5d6bd2hkth1d2 8 6.11711 42.5643 9 9.74858 51.7366  3
hkth4d6bd2bd2 8 5.74522 37.4423 9 10.0242 50.2483  3
bd4ed2ed2ed2 11 5.47944 31.4697 10 8.97997 45.4097  4
ed6hkth2d4 7 5.60564 36.4023 8 8.66316 22.3663  2
hkth1d6ed4 8 6.16439 42.1697 8 9.4275 32.0994  2
hkth2d6hkth1d2hkth1d2 8 6.00925 42.3374 9 8.38704 32.2046  3
hkth4d6bd4 8 6.51597 48.5637 8 9.0053 41.256  2
hkth4d6hkth1d4 7 5.6606 37.0537 7 9.0342 42.9263  2
hkth3d4ed2hkth1d2hkth1d2 10 5.55173 31.7669 10 9.35914 43.2637  4
ed2hkth1d2hkth1d2hkth1d2hkth1d2 7 6.10312 37.1603 9 8.41471 26.85  5
ed2hkth3d4hkth3d4 10 5.78874 37.3297 10 9.34595 36.6334  3
hkth1d4bd2bd2hkth1d2 10 5.77751 31.4763 10 8.88404 33.23  4
bd2hkth1d2hkth1d2hkth1d2hkth1d2 9 6.10634 37.1551 8 8.58899 38.9637  5
bd2hkth1d4hkth2d4 9 6.05908 42.4743 9 7.95286 25.924  3
bd2hkth3d4hkth3d4 9 5.76513 37.3246 9 9.20652 37.502  3
bd2bd2hkth1d2hkth1d2hkth1d2 8 6.00498 37.5423 8 8.81043 39.0903  5
ed2hkth2d4hkth3d4 9 6.14228 42.2509 10 8.21498 28.2137  3
hkth1d6hkth1d2hkth1d2 8 6.02686 42.2469 8 8.54385 38.5269  3
hkth5d8bd2 8 6.47507 49.4374 9 10.2351 52.4791  2
hkth2d4bd2bd2ed2 9 5.88566 36.6191 9 8.77686 32.1071  4
ed6hkth3d4 8 5.51329 32.5186 8 7.64942 27.824  2
hkth5d6hkth2d4 7 6.22797 42.4186 10 10.1088 52.2266  2
hkth2d4bd2ed2hkth1d2 9 5.92175 36.5083 10 8.60025 33.4251  4
ed4bd2bd2bd2 10 5.5104 31.4651 9 9.63158 34.4337  4
ed2ed4hkth3d4 10 5.58182 31.972 9 8.29599 28.324  3
ed6hkth1d4 7 5.35807 31.2814 8 8.78547 25.3114  2
hkth7d10 2 6.44259 48.2063 4 11.77 69.6971  1
bd10 2 5.77497 36.5763 3 9.80461 47.1451  1
ed4bd2bd2ed2 9 5.51767 31.452 10 8.92015 33.0709  4
hkth3d4hkth1d2hkth1d2hkth1d2 10 5.67718 32.4914 10 8.37521 38.5671  4
hkth1d6hkth3d4 9 6.20629 42.6054 8 9.03258 34.7006  2
hkth1d2ed4hkth1d4 8 5.49734 31.3677 9 8.60011 26.31  3
hkth1d2bd4bd4 10 6.01807 38.2483 10 10.3912 41.1837  3
hkth6d10 2 6.04945 42.3486 4 10.3682 55.5389  1
ed6ed2ed2 8 5.39847 30.5414 9 7.8135 21.9377  3
hkth2d10 2 6.34857 48.1454 3 8.12212 31.8994  1
hkth2d4bd2ed2ed2 10 5.92403 36.6189 10 8.34607 33.3566  4
hkth1d2ed4ed4 9 5.96719 32.9563 9 9.17994 24.7394  3
bd6bd4 8 5.57716 33.1389 8 9.13012 40.2229  2
hkth4d6ed2ed2 8 5.7252 37.4466 9 9.19553 42.8569  3
bd2hkth2d4hkth2d4 9 6.14182 42.6751 9 7.81944 26.5789  3
bd4ed2hkth1d2hkth1d2 9 5.52883 31.4249 10 8.86695 45.254  4
ed2bd4ed4 9 5.48977 31.8866 10 8.69057 39.1331  3
ed2bd4hkth3d4 10 5.78741 37.416 10 8.91842 40.0497  3
hkth1d4bd2hkth1d2hkth1d2 10 5.58157 31.876 10 8.54756 33.2243  4
hkth1d2ed4hkth3d4 10 5.57281 31.6957 9 8.54712 28.6806  3
ed2hkth1d4hkth2d4 9 6.04943 42.4526 10 7.82404 25.4669  3
bd2ed4ed4 9 5.89661 32.226 10 9.19998 27.5503  3
hkth1d4bd2bd2bd2 10 5.84902 32.6391 10 8.96166 33.0811  4
bd2bd2ed2ed2ed2 9 5.9478 37.5637 8 9.0352 40.1217  5
bd2hkth1d4hkth3d4 9 5.78839 37.8377 9 8.52909 29.3723  3
hkth4d6hkth1d2hkth1d2 7 5.78146 36.6511 9 9.13467 42.4429  3
hkth3d4bd2ed2ed2 9 5.55577 32.7077 10 8.49184 39.1906  4
hkth5d6ed4 9 6.18929 43.0917 9 10.3511 52.1366  2
hkth7d8ed2 7 7.08287 54.206 9 12.7152 71.254  2
hkth6d8bd2 7 6.07087 44.2603 8 10.7195 55.9717  2
ed8bd2 7 5.52333 31.3143 8 9.46903 29.886  2
ed4ed2ed2hkth1d2 9 5.5503 31.5834 10 8.77451 34.1134  4
ed2bd4bd4 10 5.98755 38.264 10 9.1821 40.7906  3
hkth1d6ed2hkth1d2 8 6.01425 42.2443 8 8.7073 39.1343  3
hkth5d6bd2bd2 7 6.2274 42.4406 9 10.3454 55.802  3
hkth1d2bd4ed4 9 5.61911 31.6311 9 9.71415 40.678  3
ed10 2 5.31386 26.1166 3 7.57553 17.032  1
hkth4d6ed2hkth1d2 8 5.87984 37.6331 9 9.4117 42.7363  3
hkth1d6bd2hkth1d2 8 6.05441 42.2489 8 8.95113 38.6303  3
bd8ed2 8 5.68353 36.7166 7 10.2625 52.1623  2
hkth3d6bd4 8 6.42747 48.4214 8 8.72795 36.908  2
ed2hkth1d4hkth3d4 9 5.80421 37.8637 9 7.97665 26.9643  3
hkth3d4ed2ed2ed2 10 5.60726 32.7083 10 8.50292 38.6943  4
hkth6d8hkth1d2 8 6.03761 43.2686 9 10.4401 55.0966  2
ed2bd4hkth2d4 9 6.08575 42.5046 10 8.6578 39.0266  3
hkth2d4bd2bd2hkth1d2 8 5.93829 36.5026 10 8.80177 32.202  4
hkth1d2hkth1d4hkth3d4 10 5.90552 37.5969 9 8.10134 26.3717  3
bd2bd2bd2hkth1d2hkth1d2 8 5.97341 37.5446 8 9.26266 40.0149  5
hkth6d8ed2 7 6.09539 44.2571 9 9.78181 54.638  2
bd2ed2ed2hkth1d2hkth1d2 8 6.00581 37.5531 9 8.8773 38.6974  5
hkth2d6bd4 8 5.99519 42.2629 8 8.82976 34.6106  2
hkth2d4ed2hkth1d2hkth1d2 9 5.99259 36.4206 10 7.89506 32.2254  4
hkth4d6ed4 8 5.60164 36.7437 9 8.75007 40.898  2
hkth3d8ed2 7 6.00044 42.918 8 8.76457 36.3749  2
hkth3d6hkth3d4 9 6.40732 48.462 8 8.58031 36.8026  2
hkth2d4hkth1d2hkth1d2hkth1d2 8 5.99203 36.5503 10 8.49364 32.2034  4
bd2ed4hkth2d4 8 5.82896 36.5529 10 8.43565 28.5737  3
hkth1d2hkth2d4hkth3d4 10 6.11182 42.5629 9 8.34689 28.7191  3
hkth1d4ed2hkth1d2hkth1d2 9 5.59017 31.8729 9 8.22018 32.206  4
hkth1d4bd2ed2hkth1d2 10 5.81036 31.4757 10 8.5718 32.9934  4
bd2bd4bd4 10 5.99173 38.2497 9 8.99289 40.3277  3
hkth3d4bd2ed2hkth1d2 9 5.57576 32.172 10 9.13094 44.9046  4
hkth3d4bd2hkth1d2hkth1d2 10 5.55988 31.7634 10 8.58868 39.6694  4
hkth2d6hkth1d4 8 5.95647 42.4074 7 8.70698 29.0063  2
ed2ed2ed2ed2hkth1d2 8 5.97433 37.5677 8 8.23458 26.9597  5
bd2bd4hkth1d4 10 5.60235 31.4837 9 8.68886 39.9909  3
hkth1d2bd4hkth1d4 9 5.53465 31.37 9 8.61334 38.9183  3
bd6bd2hkth1d2 8 5.71463 37.6606 9 9.68302 46.2386  3
hkth3d4bd2bd2ed2 10 5.59279 32.7146 10 8.93682 40.1714  4
bd2ed4hkth3d4 9 5.58318 31.9646 10 8.90616 30.6531  3
hkth3d10 2 6.46118 48.342 3 7.84997 32.1266  1
bd6ed2hkth1d2 7 5.72238 37.6511 9 9.49431 46.2611  3
ed2hkth2d4hkth2d4 9 6.16651 42.6831 9 8.25208 31.0066  3
hkth1d2hkth2d4hkth2d4 9 6.17907 43.2214 9 7.8886 26.6083  3
ed4ed2hkth1d2hkth1d2 9 5.63577 31.4157 9 8.48377 26.9537  4
hkth3d6ed2hkth1d2 8 6.46246 48.4223 8 8.73763 42.6729  3
bd8hkth1d2 8 5.70941 36.6869 8 10.3382 52.4849  2
hkth5d6bd4 9 6.13629 43.3491 9 10.2957 52.9023  2
hkth5d10 2 6.85007 54.102 4 9.72367 55.4957  1
bd2hkth2d4hkth3d4 10 6.10672 42.2551 9 8.45802 32.5923  3
ed2ed4ed4 10 5.8664 32.2257 9 9.02157 25.0937  3
ed2ed2ed2hkth1d2hkth1d2 9 6.00364 37.5346 8 8.1466 27.2243  5
hkth5d6hkth1d4 7 6.14618 42.4089 9 9.22142 48.9014  2
hkth4d8ed2 8 6.43805 48.3149 8 9.14108 45.32  2
hkth1d6bd2ed2 8 6.09641 42.0323 8 8.57023 38.5149  3
bd4bd2ed2ed2 9 5.49414 31.4477 10 9.38482 45.5751  4
bd2bd4hkth2d4 9 6.06607 42.5211 10 8.57772 39.3569  3
bd4hkth1d2hkth1d2hkth1d2 9 5.70681 31.1289 10 8.93941 45.398  4
bd2ed2ed2ed2ed2 9 5.94029 37.5466 9 8.88205 39.1626  5
ed2ed2hkth1d2hkth1d2hkth1d2 9 6.00281 37.5403 9 8.2256 26.7814  5
bd6ed4 9 5.5449 32.2897 8 9.29865 40.6114  2
hkth1d2ed4hkth2d4 9 5.83437 36.4609 9 8.271 23.8897  3
hkth5d6hkth3d4 9 6.13465 42.3571 10 9.62035 52.5963  2
bd6hkth2d4 8 5.69966 37.3637 9 8.822 40.28  2
hkth2d4ed2ed2ed2 10 5.92169 36.6091 11 8.05507 32.1963  4
hkth1d6hkth2d4 8 6.09692 42.1634 9 8.24723 32.0406  2
ed2hkth1d4hkth1d4 9 5.77194 37.0414 9 8.24042 25.406  3
bd2bd2bd2ed2ed2 7 5.96668 37.5377 9 9.45619 39.62  5
hkth8d10 3 6.42351 44.0811 4 10.9448 61.8177  1
hkth5d8ed2 8 6.50254 49.4357 8 10.6767 56.2134  2
hkth2d6hkth2d4 8 6.10395 42.1429 8 7.80202 25.258  2
hkth2d4bd2bd2bd2 10 5.94478 36.6131 9 8.88649 33.3509  4
bd6ed2ed2 8 5.73929 36.6477 9 9.3698 46.5914  3
ed6bd4 8 5.39439 31.0911 8 8.10486 33.3789  2
hkth1d6ed2ed2 7 6.11667 42.0366 8 8.76223 38.9937  3
hkth2d4bd2hkth1d2hkth1d2 10 6.00436 36.4229 11 8.75465 32.512  4
hkth3d4bd2bd2bd2 9 5.60126 32.7123 9 9.17537 39.7651  4
hkth3d4ed2ed2hkth1d2 9 5.66909 32.1777 10 8.59215 38.4251  4
