ed6bd4 8 7.10018 28.9931 9 7.20525 32.2  2
bd2bd4hkth3d4 9 7.63915 37.0489 10 8.70139 35.7391  3
bd6bd2bd2 8 7.66524 34.9866 8 7.47819 34.1694  3
hkth3d8ed2 7 8.46262 41.9989 8 8.94347 43.0014  2
bd2hkth1d2hkth1d2hkth1d2hkth1d2 8 7.70512 37.0046 8 8.45864 34.0211  5
hkth1d6hkth3d4 8 8.31251 53.724 9 9.07399 53.2403  2
hkth4d6hkth1d4 8 7.87734 41.92 9 7.65216 38.0214  2
hkth1d2ed4hkth1d4 10 7.68503 41.0074 9 7.36234 38.9994  3
ed6bd2hkth1d2 8 7.18221 34.0323 8 7.29163 34.7246  3
hkth3d6hkth1d2hkth1d2 8 8.25882 38.9414 9 7.58477 36.0154  3
ed2ed4hkth3d4 9 7.49395 32.798 10 8.52641 35.6011  3
hkth7d8ed2 8 8.86372 43.9074 8 9.40232 43.0063  2
hkth3d6hkth3d4 8 8.17676 38 9 8.76868 37.0051  2
bd6bd2ed2 9 7.67617 34.9894 9 7.48495 34.1766  3
ed8bd2 8 7.05556 32.7177 8 7.2707 37.6951  2
hkth2d6hkth2d4 8 7.52003 39.0014 8 7.55963 39.0111  2
hkth2d4hkth1d2hkth1d2hkth1d2 9 7.6805 34.0071 10 8.43898 35.0243  4
hkth5d6bd4 8 8.41114 40.8283 8 9.29661 40.3183  2
hkth3d6bd2bd2 8 8.36396 38.9834 8 8.85538 36.0066  3
hkth1d4bd2bd2bd2 10 8.06596 41.3831 10 7.70523 42.2314  4
ed4bd2bd2ed2 9 7.43719 29.4174 10 7.31284 31.7057  4
hkth3d4hkth1d2hkth1d2hkth1d2 10 7.8278 33.7589 11 9.06689 39.0563  4
bd8ed2 9 7.7734 34.7883 8 7.70578 36.7866  2
hkth5d6bd2hkth1d2 9 8.20696 38.7483 8 7.88229 37.0914  3
hkth5d6hkth2d4 8 8.10544 38.7797 8 7.73625 37.0889  2
bd2hkth2d4hkth2d4 9 7.61597 37.0014 10 8.41261 37.028  3
hkth2d6hkth3d4 9 8.02399 38.8451 9 7.49407 39.006  2
hkth1d2hkth1d2hkth1d2hkth1d2hkth1d2 8 7.7122 37.0046 9 8.38352 34.02  5
bd2bd2bd2ed2ed2 9 7.99305 34.176 9 7.53119 33.2666  5
bd2ed2hkth1d2hkth1d2hkth1d2 9 7.92313 35.0174 9 7.72554 35.02  5
hkth7d10 2 9.02905 43.5689 3 9.39032 43.076  1
bd2bd4ed4 10 7.49472 30.1509 9 9.00599 32.5157  3
hkth3d4bd2ed2hkth1d2 10 7.77247 34.1397 10 9.0907 39.0383  4
hkth1d2hkth1d4hkth3d4 10 8.10288 40.6669 10 8.80841 39.0131  3
hkth3d6hkth1d4 8 8.3949 39.01 8 7.73386 38.0189  2
hkth3d4bd2hkth1d2hkth1d2 9 7.81814 33.0323 10 8.98486 39.0597  4
hkth3d6bd2hkth1d2 9 8.36192 38.98 8 7.79944 36.0191  3
hkth5d6hkth1d4 8 8.58874 39.9466 8 8.1507 38.9257  2
hkth2d8bd2 7 7.86379 46.0017 7 7.42874 46.0054  2
bd4ed2ed2hkth1d2 9 7.43934 29.206 10 7.38119 31.7337  4
hkth1d2hkth1d4hkth1d4 9 7.89499 43.0074 9 7.68387 43.0166  3
hkth1d2bd4ed4 11 7.52397 30.0123 9 8.57379 31.8194  3
hkth1d6bd2ed2 8 8.04681 53.8397 9 7.84976 53.2474  3
hkth1d6ed2ed2 7 8.04953 53.8254 8 7.81718 53.2549  3
hkth4d8hkth1d2 8 8.41748 41 8 7.82754 42.0026  2
hkth4d6hkth2d4 8 7.71835 34.08 8 8.51968 35.2171  2
ed2bd4ed4 10 7.52893 30.044 10 8.50348 32.502  3
hkth3d4bd2bd2ed2 10 7.83252 33.5389 10 8.97634 39.0609  4
ed4bd2ed2ed2 10 7.4445 29.4209 9 8.13704 31.7031  4
ed4bd2bd2bd2 10 7.42538 29.4186 10 7.32201 31.704  4
hkth3d4bd2bd2hkth1d2 10 7.79613 34.1426 10 9.08235 39.0394  4
ed4bd2ed2hkth1d2 10 7.46134 29.2089 11 7.45922 31.7323  4
ed2ed2hkth1d2hkth1d2hkth1d2 9 7.93712 35.018 9 7.48973 33.0157  5
bd2bd2ed2hkth1d2hkth1d2 8 7.68263 34.536 9 7.76704 35.02  5
hkth2d10 2 8.43982 48.9989 3 7.77274 49.0066  1
hkth3d4ed2hkth1d2hkth1d2 10 7.85088 33.03 11 8.93332 39.0574  4
hkth4d6hkth1d2hkth1d2 8 7.77829 34.19 9 8.18491 35.156  3
hkth1d4bd2ed2ed2 9 8.06803 41.3743 10 7.50768 42.2391  4
hkth3d4ed2ed2ed2 10 7.86141 33.5397 10 9.04333 39.0603  4
ed4hkth1d2hkth1d2hkth1d2 11 7.44863 32.978 10 8.54254 32.0194  4
hkth2d4ed2ed2ed2 11 7.51249 33.2006 10 8.55247 35.0143  4
hkth1d4bd2hkth1d2hkth1d2 10 7.63534 40.006 10 9.02823 42.0589  4
hkth1d6bd4 7 7.99356 53.7174 8 7.66007 53.2297  2
bd6hkth3d4 10 7.75135 35.594 9 8.53382 36.7509  2
hkth5d10 2 9.15069 42.0777 3 8.35257 42.1951  1
ed2hkth1d2hkth1d2hkth1d2hkth1d2 8 7.67277 37.0046 8 8.43581 34.0223  5
hkth1d2ed4ed4 10 7.49797 32.2114 10 8.84917 33.5157  3
hkth1d2ed4hkth3d4 9 7.51618 33.9223 10 7.62204 35.5683  3
ed4ed2ed2ed2 9 7.43658 29.4234 11 7.34838 31.7011  4
hkth6d10 2 8.71274 43.034 4 8.02918 45.0029  1
hkth1d4ed2hkth1d2hkth1d2 9 7.64273 40.0074 10 8.45227 42.0589  4
bd4bd2bd2ed2 11 7.375 29.4191 10 7.32225 31.1443  4
bd4ed2ed2ed2 12 7.37423 29.422 10 7.30557 31.7014  4
hkth7d8bd2 8 8.89617 43.912 7 9.45641 43.0091  2
hkth2d6ed2ed2 8 7.62482 39.0057 9 7.44965 39.6797  3
bd2bd4hkth2d4 9 7.30234 35.0029 10 7.26268 36.748  3
hkth2d8ed2 7 7.88247 46.0017 8 7.47991 46.03  2
bd2bd2bd2bd2ed2 9 7.75304 34.1783 9 7.508 33.248  5
ed2ed4ed4 9 7.81712 32.216 9 8.52376 33.4991  3
hkth1d2ed4hkth2d4 9 7.42527 31.0503 10 7.34034 31.7149  3
ed2ed2ed2hkth1d2hkth1d2 9 7.78639 34.5363 8 7.54196 33.284  5
ed6ed4 8 7.12443 28.2151 8 7.21148 29.8954  2
ed2hkth2d4hkth2d4 9 7.54359 37.0014 9 8.48641 37.0137  3
ed8hkth1d2 8 7.14698 32.6411 8 8.33596 37.72  2
hkth1d8ed2 7 9.06453 69.046 8 9.21366 69.0697  2
ed2bd4hkth2d4 8 7.31143 35.0029 10 7.26525 36.7317  3
hkth5d6hkth1d2hkth1d2 8 8.33666 38.1086 8 8.07145 38.0451  3
bd2hkth1d4hkth3d4 10 8.23418 39.1463 10 8.82162 41.0209  3
hkth1d2bd4hkth1d4 9 7.68554 41.0074 10 7.37658 38.9986  3
hkth5d6ed2ed2 8 8.19841 38.7351 8 7.74728 37.0954  3
hkth4d6bd4 8 8.05479 35.3729 8 7.88468 38.1566  2
hkth1d4bd2bd2ed2 10 8.84936 41.3714 10 7.65202 42.2303  4
hkth1d2hkth2d4hkth3d4 9 8.0642 39.0166 10 7.50076 36.0517  3
bd8hkth1d2 8 7.82546 34.9223 8 7.62305 37.0154  2
bd4hkth1d2hkth1d2hkth1d2 9 7.46185 32.9806 9 8.55107 32.0209  4
bd2bd2bd2ed2hkth1d2 9 7.57616 34.166 9 7.67643 31.3054  5
hkth1d2hkth2d4hkth2d4 9 7.5853 37.0014 9 8.37549 37.0143  3
hkth3d8hkth1d2 8 8.43116 42 8 9.01063 43.0014  2
hkth2d6bd2hkth1d2 8 7.60596 38.0037 9 8.37613 38.0111  3
hkth4d6ed2hkth1d2 8 7.63437 34.2186 9 8.66406 35.1763  3
hkth1d2hkth1d4hkth2d4 10 7.97227 39.0114 10 7.54474 37.2754  3
hkth2d6ed4 8 8.38609 38.0014 8 7.39838 38.6889  2
bd6ed2hkth1d2 8 7.67254 34.988 8 7.54038 34.1854  3
bd2bd2ed2ed2ed2 11 7.57918 34.1797 9 7.5099 33.2137  5
hkth1d6bd2hkth1d2 8 7.97272 53.0926 8 8.46861 53.0674  3
ed2hkth1d4hkth1d4 10 7.90509 43.0089 9 7.71002 43.0257  3
hkth1d6bd2bd2 8 8.04898 53.8251 8 7.83776 53.2511  3
hkth2d4bd2ed2ed2 11 7.52314 33.2183 10 8.45808 35.0143  4
hkth5d6ed4 8 8.30797 39.666 8 9.32264 40.19  2
hkth1d2bd4bd4 10 8.11495 33.258 10 7.99542 37.0066  3
hkth4d6bd2bd2 9 7.74797 34.836 9 8.71478 35.1371  3
ed6hkth1d2hkth1d2 8 7.37003 34.0723 8 8.22325 34.7574  3
hkth1d6hkth1d2hkth1d2 8 7.96787 53.094 9 8.65625 53.0674  3
bd2hkth1d4hkth1d4 9 7.90049 43.0089 10 7.68151 43.0171  3
hkth1d4ed2ed2ed2 8 8.03967 41.3826 11 7.67311 42.2323  4
ed6hkth3d4 8 7.41897 34.0449 8 7.221 35.7149  2
ed2hkth1d4hkth3d4 10 8.24563 39.1471 9 8.8808 41.0194  3
hkth7d8hkth1d2 8 9.06387 43.914 8 9.41629 43.0066  2
bd4bd2bd2bd2 8 7.4254 29.4154 10 7.31853 31.7129  4
hkth2d6hkth1d4 7 7.9113 39.0234 8 7.31761 39.0269  2
bd2ed4hkth1d4 9 7.63654 41.0114 9 7.39762 41.02  3
hkth3d6bd4 8 8.00802 38 8 8.65842 36.0237  2
bd6ed4 8 7.36359 34.0317 8 7.70736 33.1083  2
hkth3d4ed2ed2hkth1d2 12 7.84635 34.1577 10 9.09267 39.0343  4
hkth3d4bd2bd2bd2 10 7.86107 33.5389 11 9.05101 39.0603  4
bd2bd2bd2bd2bd2 8 7.75549 34.1774 9 7.54048 33.2611  5
ed2ed4hkth1d4 9 7.63514 41.01 9 7.41837 41.0151  3
hkth1d8hkth1d2 8 8.83833 69.0511 8 9.25466 69.0717  2
ed10 3 6.73285 30.2037 3 6.88962 35.8123  1
hkth2d6bd4 7 7.60185 38.0014 8 7.39844 38.694  2
bd6hkth1d2hkth1d2 8 7.68093 34.8986 8 8.71894 34.978  3
hkth1d4hkth1d2hkth1d2hkth1d2 10 7.63185 40.006 10 8.38149 42.082  4
ed6ed2hkth1d2 8 7.17921 34.0326 9 7.29879 34.7123  3
bd8bd2 8 7.75172 34.7846 8 7.69335 37.016  2
ed2ed4hkth2d4 10 7.17768 32.0537 9 7.09982 32.7157  3
hkth1d6hkth2d4 8 8.16475 53.7629 8 7.70896 53.2263  2
ed2bd4bd4 9 8.2699 33.2506 10 9.09204 37.0223  3
bd6bd2hkth1d2 8 8.37871 34.99 9 7.58694 34.1874  3
hkth3d6bd2ed2 9 8.38144 38.9834 8 8.86907 36.0177  3
bd2bd2ed2ed2hkth1d2 9 7.60748 34.1534 9 7.6487 31.3054  5
hkth2d6bd2bd2 7 7.61 39.0057 8 8.13645 39.6871  3
hkth1d4bd2bd2hkth1d2 9 7.82776 41.2217 11 7.49187 42.2597  4
hkth3d6ed2ed2 8 8.32963 38.9834 9 8.81997 36.0086  3
hkth3d10 2 8.22416 43.0014 3 9.10566 47.0057  1
hkth2d8hkth1d2 8 8.04537 46.0003 8 7.49749 46.0071  2
bd2hkth2d4hkth3d4 9 7.70879 37.9543 10 7.48941 37.0086  3
hkth4d8ed2 7 8.35595 41.0054 8 7.65557 42.0014  2
ed2hkth1d4hkth2d4 9 8.03002 39.0163 10 8.55697 39.0703  3
bd6hkth1d4 8 7.79213 39.0594 8 9.01259 38.0146  2
hkth1d8bd2 8 9.08268 69.0471 8 10.1732 69.0723  2
ed6bd2bd2 9 7.09621 34.0631 10 7.2642 34.7154  3
bd6ed2ed2 8 7.68171 34.9851 8 7.53565 34.1783  3
bd2ed4hkth2d4 9 7.19711 32.0566 10 7.09751 32.7097  3
hkth1d10 2 10.3752 80.0057 3 10.0801 80.01 1
hkth9d10 2 8.37704 38.0026 4 7.98464 41.4083  1
hkth2d6bd2ed2 8 7.46442 39.0057 10 7.41038 39.6831  3
hkth1d2hkth3d4hkth3d4 9 8.12752 39.652 11 8.80283 40.9229  3
hkth5d6ed2hkth1d2 8 8.22281 38.7551 8 8.57547 37.092  3
bd2ed4hkth3d4 9 7.50478 32.7874 10 7.42904 35.6069  3
hkth4d6ed4 9 7.38271 34.0523 9 8.32415 35.7143  2
hkth1d6ed4 8 7.98992 53.7206 8 7.66766 53.2426  2
ed8ed2 8 7.06329 32.7183 7 7.27422 37.69  2
hkth1d2bd4hkth3d4 10 7.9971 38.612 9 8.48812 35.7734  3
ed2hkth3d4hkth3d4 10 8.86744 39.5074 10 8.85772 40.932  3
hkth4d6bd2ed2 8 7.79947 34.846 8 8.72346 35.1386  3
bd2bd2bd2bd2hkth1d2 9 7.57252 34.166 11 7.66145 31.3034  5
hkth2d6hkth1d2hkth1d2 9 7.88071 37.9989 9 8.34431 38.0114  3
ed4bd2hkth1d2hkth1d2 11 7.44329 32.9497 10 7.26357 32.2574  4
hkth2d4bd2hkth1d2hkth1d2 9 7.45396 34.0071 10 8.15597 34.5537  4
hkth3d4bd2ed2ed2 10 7.82938 33.5451 10 9.0315 39.0617  4
bd2ed2ed2hkth1d2hkth1d2 8 8.38262 34.0686 8 7.57021 33.2871  5
hkth2d4bd2ed2hkth1d2 9 7.50242 32.2106 10 8.24638 35.0129  4
hkth1d6ed2hkth1d2 8 7.96489 53.0894 9 9.27604 53.0671  3
hkth4d6hkth3d4 9 8.43491 36.8851 8 7.77649 38.7797  2
bd4bd2bd2hkth1d2 9 7.23792 29.2069 11 7.41598 31.2626  4
bd2bd2hkth1d2hkth1d2hkth1d2 9 7.93429 35.0231 10 7.77339 35.02  5
bd2bd4bd4 12 8.22905 33.2497 10 8.77067 37.0034  3
bd6bd4 9 8.0497 33.1886 8 7.50616 33.8714  2
hkth6d8ed2 8 8.30156 41.0954 9 7.81358 42.0514  2
bd6hkth2d4 9 7.67867 34.996 8 7.50783 34.1823  2
hkth1d2bd4hkth2d4 9 7.54338 35.0029 9 7.40568 36.7251  3
hkth4d10 2 8.43747 40 3 8.87732 41.0631  1
ed6ed2ed2 8 7.10239 34.0617 9 7.25642 34.7166  3
ed2ed2ed2ed2ed2 9 7.7753 34.1811 9 7.534 33.2726  5
hkth4d6ed2ed2 8 7.77147 34.8457 9 8.69143 35.1411  3
bd4bd2ed2ed2 9 8.08219 29.4103 10 7.33812 31.7043  4
hkth1d4bd2ed2hkth1d2 10 7.82274 41.2154 10 7.52689 42.2589  4
hkth5d8bd2 7 8.50465 42.8994 8 7.85567 43.0597  2
hkth5d6bd2ed2 8 8.17884 38.7323 9 7.74453 37.0931  3
hkth5d6hkth3d4 8 8.44611 38.8006 10 8.04253 38.5106  2
hkth3d8bd2 7 8.43692 41.9989 8 8.68492 43.0014  2
hkth3d6hkth2d4 9 8.18511 38.9354 8 7.66418 36.0126  2
bd4bd2hkth1d2hkth1d2 11 7.40673 32.9449 10 7.25962 32.2583  4
hkth5d6bd2bd2 9 8.18848 38.734 8 7.73629 37.0934  3
bd4bd2ed2hkth1d2 11 7.42648 29.2106 10 7.42258 31.7351  4
ed6hkth1d4 7 7.5421 40.9786 8 8.3955 40.9937  2
bd2bd2bd2hkth1d2hkth1d2 8 7.59983 34.5303 9 7.80198 35.0214  5
ed4ed2ed2hkth1d2 10 7.45485 29.2057 10 7.44982 31.7311  4
hkth2d4ed2hkth1d2hkth1d2 10 7.45618 34.0071 10 8.50651 35.0537  4
bd2bd4hkth1d4 9 7.62791 41.0114 9 7.4343 41.0194  3
bd4ed2hkth1d2hkth1d2 10 7.43307 32.9474 10 7.25179 32.2643  4
ed2hkth2d4hkth3d4 9 7.51039 37.9549 10 8.44663 37.0086  3
hkth1d6hkth1d4 8 8.14517 53.0483 8 8.67534 53.0669  2
hkth2d4bd2bd2ed2 9 7.53553 33.2166 10 8.49045 35.0129  4
hkth3d6ed2hkth1d2 8 8.27964 38.9814 9 7.76163 36.0166  3
hkth2d6ed2hkth1d2 8 7.6299 38.0051 9 8.38744 38.0129  3
ed6bd2ed2 9 7.05139 34.0634 9 7.23665 34.7166  3
hkth6d8bd2 7 8.30506 41.0783 8 7.90465 42.0529  2
ed2ed2ed2ed2hkth1d2 10 7.77816 34.1626 10 7.64651 31.3026  5
bd2hkth3d4hkth3d4 10 7.93248 39.4754 10 8.80349 40.9203  3
bd2ed2ed2ed2ed2 8 7.76202 34.1749 10 7.54186 33.298  5
hkth4d6bd2hkth1d2 9 7.62692 34.2151 9 8.66734 35.1811  3
hkth2d4bd2bd2bd2 10 7.50224 33.202 10 9.06675 35.0171  4
ed4bd2bd2hkth1d2 10 7.45828 29.206 10 7.41927 31.7314  4
hkth2d4ed2ed2hkth1d2 10 7.49901 32.212 10 8.55958 35.0249  4
hkth4d8bd2 7 8.34321 41.0063 8 7.60432 42.0014  2
hkth5d8hkth1d2 8 8.64148 42.0651 8 8.1653 43.0531  2
hkth8d10 3 8.27761 36.4246 3 8.79981 38.0986  1
bd10 2 7.70023 32.5329 3 7.76039 35.7291  1
hkth1d4ed2ed2hkth1d2 9 7.81341 41.2246 11 7.51278 42.2589  4
bd2ed4ed4 9 7.40388 32.2149 10 8.4697 33.5229  3
hkth2d4bd2bd2hkth1d2 9 7.52651 32.208 11 8.48052 35.0131  4
bd2ed2ed2ed2hkth1d2 9 7.76014 34.1634 10 7.65335 31.2523  5
bd2hkth1d4hkth2d4 9 8.03504 39.0163 9 8.51038 39.07  3
ed6hkth2d4 8 7.1306 34.0194 8 7.17773 34.7069  2
hkth3d6ed4 8 8.08287 38.8669 9 7.54322 36.0086  2
ed4ed2hkth1d2hkth1d2 10 7.44987 32.952 10 7.26621 32.2571  4
hkth5d8ed2 8 8.52497 42.9026 8 7.8998 43.0597  2
ed2bd4hkth1d4 9 7.6533 41.01 10 9.21561 41.0194  3
hkth6d8hkth1d2 7 8.2879 41.1163 8 7.8153 42.0594  2
ed2bd4hkth3d4 10 7.62274 37.0391 10 8.72315 35.7697  3
