ed6bd2hkth1d2 8 7.00858 30.022 9 8.05326 25.3957 
 hkth1d2bd4hkth3d4 9 8.30504 37.0503 11 8.68207 38.3994 
 ed2hkth1d2hkth1d2hkth1d2hkth1d2 8 7.53227 35.9831 9 8.39605 26.4623 
 bd2bd2bd2bd2bd2 8 7.96586 37.0363 9 9.52137 39.5206 
 ed6ed4 7 6.96758 27.0354 9 8.0418 21.3426 
 hkth1d2hkth2d4hkth2d4 9 7.96097 42.9603 10 6.93659 25.3926 
 bd6hkth2d4 8 7.27271 37.0423 8 8.96389 39.3737 
 ed6hkth3d4 8 6.85941 31.9966 9 7.0368 25.3866 
 ed4bd2ed2hkth1d2 10 7.19251 31.062 9 8.84759 32.9826 
 ed2hkth1d4hkth3d4 9 7.16404 37.0371 9 7.7107 26.5026 
 bd2bd4ed4 10 6.97517 31.0289 9 8.68542 38.3966 
 bd2bd4bd4 9 7.79671 37.0337 9 9.11669 39.4297 
 hkth6d10 2 7.74322 42.9883 3 9.70226 48.1746 
 bd4bd2ed2ed2 11 7.20147 31.0703 10 9.24291 44.9203 
 hkth4d6hkth3d4 8 8.48206 47.9989 9 8.61649 38.4354 
 bd6hkth3d4 9 7.06952 36.0371 8 8.54057 39.4091 
 bd4ed2ed2ed2 9 7.0457 31.0049 10 9.5975 44.9083 
 ed2hkth3d4hkth3d4 10 7.23335 37.0511 10 7.42 31.9106 
 bd6hkth1d2hkth1d2 9 7.17615 37.0057 9 9.81841 44.926 
 ed4bd2ed2ed2 9 7.16883 31.0137 10 8.5384 32.9883 
 bd8bd2 8 7.19995 36.0383 9 11.3999 51.4429 
 hkth5d8hkth1d2 7 8.15705 47.9897 8 9.685 49.266 
 hkth1d4bd2bd2hkth1d2 10 7.2984 31.016 9 8.39988 31.9274 
 ed2ed2ed2ed2ed2 9 7.86918 37.0409 9 8.02599 26.4749 
 ed8bd2 8 7.08974 31.0086 9 7.88804 23.1346 
 bd2bd4hkth3d4 9 7.23626 37.024 11 8.6785 38.4066 
 hkth5d6hkth2d4 8 7.91901 41.9769 9 9.6711 48.2243 
 hkth3d4bd2ed2hkth1d2 9 7.31477 32.0331 10 8.68773 38.4163 
 hkth3d10 2 8.38569 48.0177 3 7.45211 32.9917 
 hkth2d4bd2ed2hkth1d2 9 7.91972 36.0506 10 8.40023 35.1743 
 ed10 2 6.60323 26.0234 3 6.72438 16.9443 
 hkth2d6bd2bd2 9 7.60415 42.0057 9 8.40066 35.1731 
 hkth3d8ed2 8 7.65362 41.9646 8 7.97024 35.1357 
 hkth1d8ed2 7 9.00714 54.0466 8 9.94907 44.9649 
 ed2hkth2d4hkth2d4 9 7.99478 43.0309 10 7.27888 28.6854 
 bd4bd2bd2hkth1d2 10 7.17722 31.0683 10 9.94404 44.932 
 bd2bd2bd2hkth1d2hkth1d2 9 8.03356 37.0417 8 9.2392 39.5166 
 hkth1d6hkth1d4 7 7.89583 42.0363 7 8.14697 31.908 
 hkth5d6ed2hkth1d2 8 7.79843 41.9886 10 11.1237 57.4389 
 hkth3d4hkth1d2hkth1d2hkth1d2 9 7.38145 32.0289 11 8.40492 38.3954 
 hkth1d2ed4hkth1d4 9 7.16995 31.0071 9 7.76829 21.9603 
 hkth5d6bd4 9 7.95322 43.0163 8 9.92396 48.2077 
 ed4bd2bd2hkth1d2 10 7.1212 31.0574 9 8.56815 32.972 
 bd2bd2ed2ed2ed2 9 7.93555 36.9843 8 9.24472 39.51 
 hkth3d8bd2 7 7.70898 42.0583 8 8.12303 35.1749 
 bd2bd2bd2bd2ed2 9 7.93936 37.04 10 9.37547 39.512 
 hkth5d6bd2ed2 8 7.94919 42.0234 10 11.1422 57.4377 
 ed6ed2ed2 8 6.94649 29.9909 9 7.43669 20.9006 
 ed2ed2hkth1d2hkth1d2hkth1d2 9 8.12515 36.978 9 7.9892 26.5057 
 hkth1d6hkth3d4 8 7.99862 42.9817 8 8.4288 32.9903 
 hkth1d2bd4hkth2d4 8 7.65143 41.9857 9 8.71172 38.4183 
 hkth5d10 2 8.7248 54.0346 4 10.1129 51.428 
 hkth1d8hkth1d2 7 9.00509 54.0211 7 9.99929 44.9571 
 hkth3d4bd2bd2hkth1d2 9 7.30613 32.0017 10 8.71922 38.4283 
 bd4ed2ed2hkth1d2 9 7.20025 31.0106 10 9.45753 44.9351 
 hkth1d2ed4hkth2d4 9 7.62426 36.0529 10 7.59469 19.744 
 hkth1d2hkth3d4hkth3d4 10 7.18694 37.0437 10 7.56899 31.9174 
 hkth1d4ed2ed2ed2 10 7.21841 31.0609 9 8.21037 31.9377 
 hkth4d6ed4 7 7.25648 36.0457 8 7.56278 31.9077 
 hkth6d8bd2 7 7.87182 43.0449 9 11.0823 57.4303 
 hkth2d6hkth1d4 8 7.68775 42.0071 8 7.04196 25.3871 
 ed2hkth2d4hkth3d4 10 7.90411 42.0031 10 7.01642 26.5014 
 hkth5d6hkth1d4 8 7.51513 42.0109 9 10.1643 51.4326 
 bd2ed2hkth1d2hkth1d2hkth1d2 8 8.0503 37.0191 9 8.30676 38.4151 
 hkth3d6bd2bd2 8 8.80345 49.0371 9 9.30306 41.6589 
 hkth2d6bd2hkth1d2 9 7.59975 42.0037 9 7.55317 31.908 
 hkth3d4bd2ed2ed2 10 7.34953 31.9943 10 8.53885 38.4054 
 bd6ed2ed2 8 7.01196 36.0066 10 9.4075 45.4197 
 hkth1d6bd2hkth1d2 8 8.24749 42.0134 8 9.3922 38.4389 
 hkth5d6bd2bd2 8 7.96898 42.0166 9 11.2698 57.3654 
 hkth8d10 3 8.19049 42.94 4 11.8362 63.4483 
 hkth1d2hkth1d4hkth3d4 10 7.32686 37.0163 10 7.55885 26.482 
 hkth3d4bd2bd2ed2 10 7.37458 32.0357 10 8.84545 41.6643 
 hkth3d4bd2hkth1d2hkth1d2 9 7.2003 32.0137 9 8.56192 38.404 
 hkth1d4bd2ed2hkth1d2 10 7.30965 31.0766 9 8.41278 31.8929 
 hkth1d2hkth1d2hkth1d2hkth1d2hkth1d2 9 7.50385 36.0131 8 7.93594 25.4031 
 ed2ed2ed2ed2hkth1d2 9 7.95082 37.032 9 8.30756 26.4917 
 hkth2d6hkth3d4 9 7.45164 41.9423 8 7.7671 29.7903 
 bd2ed2ed2ed2hkth1d2 9 7.93576 37.0557 9 8.39322 38.4134 
 hkth2d8bd2 8 8.20215 47.9971 8 8.14116 35.1349 
 hkth3d6ed2hkth1d2 8 8.18927 48.0011 8 8.79967 41.6823 
 hkth7d10 2 8.39732 49.0197 4 11.9175 63.4031 
 bd2ed4ed4 9 7.38507 32.0371 10 8.30661 26.4957 
 ed4bd2hkth1d2hkth1d2 10 7.17322 31.058 11 8.53747 31.9063 
 bd2bd2hkth1d2hkth1d2hkth1d2 9 8.10943 37.0069 8 9.30934 38.4369 
 bd6bd2ed2 8 7.07954 36.0203 8 9.77437 45.4343 
 ed2ed4hkth3d4 9 6.88477 31.0297 9 7.47214 26.7191 
 bd2ed4hkth2d4 9 7.30928 36.016 9 7.84637 26.4771 
 hkth1d4bd2bd2ed2 9 7.23216 31.074 9 8.53482 31.9269 
 ed6bd4 9 6.98348 30.9914 8 7.91455 33.1103 
 ed2bd4bd4 10 7.88906 36.9706 9 8.69108 38.4031 
 bd2hkth1d4hkth1d4 9 7.59693 37.0066 9 7.56506 25.3914 
 hkth3d4bd2bd2bd2 9 7.38121 32.0666 10 8.74975 38.4077 
 hkth1d2bd4hkth1d4 9 7.13858 31.0037 10 8.65411 38.41 
 ed2ed4ed4 9 7.38253 32.0366 10 8.12373 21.9954 
 hkth2d4ed2ed2ed2 10 7.54547 36.0309 11 8.00644 31.8937 
 ed4ed2hkth1d2hkth1d2 10 7.14822 31.068 10 8.49172 26.502 
 bd2hkth1d4hkth3d4 10 7.1451 37.0083 9 7.93386 26.4766 
 ed2bd4hkth1d4 9 7.15426 31.0766 9 8.54526 38.4154 
 hkth4d6hkth1d2hkth1d2 8 7.38726 36.0271 9 9.39643 44.9411 
 hkth1d2ed4hkth3d4 10 7.02409 31.0666 9 7.6614 26.6517 
 ed2bd4ed4 9 7.00422 31.0706 10 8.71832 38.402 
 hkth3d4ed2ed2ed2 9 7.38763 32.0814 10 8.13505 38.4117 
 bd6bd4 9 7.03686 32.0326 8 8.99607 39.2534 
 ed2ed2ed2hkth1d2hkth1d2 8 8.02668 37.0294 9 8.34953 26.4686 
 hkth2d4bd2hkth1d2hkth1d2 10 7.8486 35.9889 9 8.25589 35.1849 
 hkth4d6hkth1d4 8 7.26767 35.9794 8 7.88582 35.1451 
 ed2ed4hkth1d4 9 7.12479 31.0446 9 7.47334 20.9171 
 hkth2d8hkth1d2 7 8.11651 48.0071 8 7.96273 31.8954 
 ed4bd2bd2ed2 10 7.15771 31.0009 9 8.53922 33.0326 
 hkth5d8ed2 7 8.21713 48.0026 9 10.6544 54.442 
 bd4bd2bd2ed2 9 7.19892 31.0217 10 9.94447 44.9 
 hkth2d6hkth1d2hkth1d2 8 7.55795 42.0006 8 7.59927 31.9286 
 hkth3d6hkth3d4 9 8.12019 48.0391 8 8.02608 35.1597 
 hkth1d6ed4 7 8.03021 42.0249 8 8.79493 32.9949 
 ed2bd4hkth2d4 9 7.83742 42.0429 9 8.68749 38.4089 
 hkth2d4bd2bd2ed2 10 7.60292 36.0271 10 8.39838 35.138 
 hkth2d6bd2ed2 8 7.64733 42.0014 8 8.39356 35.7206 
 bd2bd2bd2ed2hkth1d2 9 7.94259 37.0563 9 9.25855 38.4126 
 hkth1d2ed4ed4 9 7.66142 32.02 10 7.9669 21.0183 
 hkth1d2bd4ed4 10 7.21077 31.0303 10 8.70999 38.4131 
 hkth1d2bd4bd4 9 7.94068 37.0377 9 8.82077 38.4166 
 hkth3d4ed2hkth1d2hkth1d2 10 7.23309 32.036 9 8.40313 38.404 
 hkth7d8ed2 7 8.95058 54.0397 9 12.8121 69.4331 
 bd2ed4hkth3d4 9 6.92018 31.034 10 8.78621 30.2871 
 bd2hkth1d4hkth2d4 9 7.66496 42.0506 9 7.42456 25.4117 
 hkth6d8ed2 7 7.77318 43.0057 9 11.0111 57.4594 
 hkth3d6ed2ed2 8 8.7709 48.9943 9 8.79255 41.7029 
 bd2hkth3d4hkth3d4 10 7.17775 37.0366 10 7.75059 31.8766 
 hkth3d6hkth1d4 8 8.264 47.9897 8 7.83451 35.2594 
 hkth1d2hkth1d4hkth2d4 8 7.66018 42.0389 9 7.41822 25.3851 
 hkth4d6bd4 7 8.24278 48.008 8 8.16853 36.3646 
 hkth1d4bd2bd2bd2 10 7.24398 31.0323 9 8.97879 31.922 
 hkth1d2hkth1d4hkth1d4 10 7.61526 37.022 9 7.57882 25.422 
 hkth1d4ed2hkth1d2hkth1d2 9 7.199 31.0417 10 8.12276 31.9094 
 bd2ed2ed2hkth1d2hkth1d2 8 8.01623 37.0526 9 8.39889 38.4043 
 hkth4d8bd2 8 8.16018 48.0143 8 8.86834 41.7057 
 hkth3d4ed2ed2hkth1d2 10 7.28915 32.0349 11 8.31234 38.4229 
 hkth1d6bd4 8 8.03868 42.0209 8 8.25893 32.9849 
 hkth2d6ed2hkth1d2 8 7.65053 42.006 8 7.41666 31.8949 
 bd2bd4hkth2d4 8 7.83649 42.0449 10 8.54151 38.4066 
 hkth3d6hkth1d2hkth1d2 8 8.59053 48.016 9 8.94005 41.658 
 hkth2d4ed2ed2hkth1d2 10 7.89918 36.0194 10 8.13668 31.9017 
 hkth2d4bd2bd2hkth1d2 9 7.9493 36.012 10 8.47068 35.1529 
 bd2bd2bd2ed2ed2 9 7.97703 37.0217 9 9.24466 39.5 
 hkth3d6bd2ed2 9 8.76974 49.0251 9 8.81798 41.6546 
 ed6ed2hkth1d2 8 7.06337 30.0437 8 7.61172 23.1286 
 ed6bd2bd2 9 6.9537 29.998 9 8.03349 26.5126 
 hkth3d6ed4 8 8.05271 48.0703 8 7.97921 35.1909 
 bd4hkth1d2hkth1d2hkth1d2 10 7.22874 31.0449 10 9.27134 44.9306 
 bd2bd2ed2hkth1d2hkth1d2 8 8.00828 37.0263 8 9.44331 39.4751 
 bd2ed4hkth1d4 8 6.99143 31.0274 9 7.86145 25.402 
 hkth5d6ed4 8 7.7485 42.9891 9 9.70154 48.196 
 hkth5d6hkth1d2hkth1d2 9 7.77594 42.0154 8 11.096 57.438 
 bd8hkth1d2 8 7.01679 35.9743 9 10.7969 51.4017 
 hkth4d6bd2hkth1d2 9 7.12487 37.0089 9 9.06515 41.662 
 ed8hkth1d2 7 7.16212 30.9889 8 8.70398 24.3629 
 hkth1d8bd2 7 9.01275 54.008 8 10.1308 44.9349 
 bd2bd4hkth1d4 9 7.12775 31.0469 9 8.53917 38.3863 
 ed6hkth1d4 8 7.09713 31.07 8 6.93105 18.6534 
 bd6bd2bd2 9 6.99502 36.0057 8 10.2478 45.4317 
 hkth2d6hkth2d4 8 7.6362 42.0011 8 6.88105 25.4234 
 hkth4d6ed2ed2 8 7.17804 36.0114 9 8.95595 41.676 
 bd6bd2hkth1d2 8 7.06227 37.0291 8 9.8258 45.4129 
 bd2bd2ed2ed2hkth1d2 8 7.9891 37.0746 9 9.2424 38.4366 
 hkth1d10 2 9.3954 60.0334 3 10.6409 51.472 
 hkth2d4bd2bd2bd2 9 7.56066 36.0397 10 8.8028 36.2257 
 ed2bd4hkth3d4 10 7.19588 37.034 10 8.67583 38.4206 
 bd2ed2ed2ed2ed2 9 7.94539 37.0003 8 8.39232 38.4097 
 hkth1d6ed2hkth1d2 8 8.17053 42.0137 9 9.1394 38.406 
 hkth4d6hkth2d4 7 7.56095 37.0023 9 8.73476 38.4077 
 hkth3d6bd4 9 8.11964 48.0143 9 8.16123 35.1603 
 hkth5d8bd2 8 8.23936 47.992 7 9.23573 44.9417 
 hkth5d6ed2ed2 8 7.96498 42.05 10 10.6087 54.4249 
 bd2hkth2d4hkth2d4 9 7.91464 43.0149 8 7.13769 26.4691 
 hkth2d6bd4 8 7.56367 42.0129 8 7.59365 31.8929 
 hkth1d2hkth2d4hkth3d4 9 8.03623 42.0194 9 7.57919 26.4803 
 hkth1d6bd2ed2 7 7.96303 42.0737 8 9.3894 38.4434 
 bd4bd2hkth1d2hkth1d2 9 7.18306 31.0363 9 9.23657 44.908 
 hkth9d10 2 8.27998 42.0163 4 13.22 72.4443 
 ed2ed4hkth2d4 10 7.33621 36.0409 9 7.8629 23.1043 
 hkth2d10 2 8.06978 48.0183 3 7.37495 31.918 
 hkth1d6hkth1d2hkth1d2 7 8.10903 42.0209 8 9.09835 38.4349 
 hkth7d8hkth1d2 8 9.49517 54.0031 8 12.9087 69.4386 
 ed8ed2 7 7.06926 30.9863 8 9.19711 27.7486 
 hkth2d4ed2hkth1d2hkth1d2 9 7.82561 36.0177 10 7.62479 31.8986 
 hkth7d8bd2 7 9.03766 54.0249 8 12.9616 69.462 
 hkth1d6bd2bd2 8 7.9898 42.0371 8 9.55807 38.4163 
 ed4bd2bd2bd2 10 7.38728 31.0569 10 8.68754 31.8934 
 ed2hkth1d4hkth2d4 9 7.58858 41.9903 10 7.55109 25.4197 
 hkth4d8hkth1d2 8 8.19215 48.0626 9 9.18352 41.652 
 hkth1d4bd2hkth1d2hkth1d2 10 7.22083 31.0334 9 8.41557 32.9897 
 hkth1d6ed2ed2 8 8.00572 42.0383 8 9.24145 38.4229 
 ed4ed2ed2hkth1d2 10 7.19409 31.0583 10 8.26492 26.4937 
 bd2hkth2d4hkth3d4 9 7.8344 42.0363 9 7.62426 27.5729 
 bd6ed4 8 7.16129 31.0403 9 9.28286 39.3403 
 ed6hkth1d2hkth1d2 8 7.0249 30.0103 9 7.81087 20.8677 
 bd6hkth1d4 8 7.20405 36.0554 9 9.11234 39.3974 
 bd4ed2hkth1d2hkth1d2 10 7.15986 31.0697 9 9.3843 44.9349 
 bd6ed2hkth1d2 8 7.07206 37.0589 8 9.7989 45.4129 
 hkth4d6bd2ed2 8 7.19228 36.0283 9 8.82071 42.2197 
 hkth2d4bd2ed2ed2 9 7.58244 36.0389 11 8.51229 35.1549 
 hkth1d6hkth2d4 8 7.99917 42.0514 8 8.1527 31.9017 
 hkth3d6hkth2d4 8 8.22942 48.014 8 7.83413 35.1926 
 bd8ed2 8 7.25568 36.0246 8 11.1094 51.4326 
 hkth4d8ed2 8 8.13405 48.0609 7 8.71813 41.6591 
 bd4bd2bd2bd2 8 7.21649 30.9806 9 9.98939 44.9557 
 hkth5d6hkth3d4 9 7.49075 41.9843 9 9.73986 48.1663 
 hkth4d6bd2bd2 8 7.20322 36.0354 8 9.79169 45.4386 
 ed4hkth1d2hkth1d2hkth1d2 9 7.21995 31.0654 10 8.84607 29.8251 
 ed6hkth2d4 8 7.04208 36.0203 9 7.20547 20.3794 
 hkth1d4bd2ed2ed2 10 7.20512 31.0291 10 8.41508 31.936 
 bd2hkth1d2hkth1d2hkth1d2hkth1d2 9 7.48637 36.0149 9 8.44894 38.4257 
 hkth1d4hkth1d2hkth1d2hkth1d2 9 7.28842 31.0397 10 8.06764 31.91 
 ed2hkth1d4hkth1d4 9 7.62035 37.0191 9 7.52616 25.4154 
 hkth6d8hkth1d2 7 7.66265 43.0317 8 11.004 57.4491 
 hkth2d4hkth1d2hkth1d2hkth1d2 9 7.86732 36.0017 10 8.22898 31.9249 
 hkth4d6ed2hkth1d2 7 7.19319 37.0437 9 8.70811 41.6563 
 bd10 2 7.19999 36.0217 3 10.8076 46.4006 
 hkth5d6bd2hkth1d2 7 7.77484 42.0206 8 10.5524 54.4409 
 hkth3d6bd2hkth1d2 8 8.18977 48.0183 8 8.784 41.6586 
 hkth2d6ed4 8 7.55137 42.0251 8 7.86036 28.6397 
 bd2bd2bd2bd2hkth1d2 8 7.97163 37.0217 8 9.60813 39.508 
 hkth2d6ed2ed2 8 7.64941 42.014 8 7.41202 31.8926 
 bd4bd2ed2hkth1d2 9 7.19475 31.0257 11 9.45478 44.9294 
 hkth2d8ed2 7 8.20133 48.0334 7 8.14541 35.188 
 hkth4d10 2 7.95173 42.0246 3 8.42577 38.7277 
 hkth1d4ed2ed2hkth1d2 11 7.3078 31.0614 9 8.38889 31.9326 
 ed6bd2ed2 7 6.95718 30.04 8 8.13561 26.4669 
 hkth3d8hkth1d2 8 7.77234 43.0166 8 7.55611 31.9363 
 ed4ed2ed2ed2 9 7.2086 31.0411 11 8.17721 26.5066 
 