hkth5d6hkth1d4 7 3.95148 29.2 9 3.93407 37.472  2
hkth6d8ed2 8 4.17926 31.2086 8 4.13459 42.6286  2
hkth1d6bd4 7 3.5553 33.5923 8 4.19495 34.7117  2
bd6ed4 8 3.93504 27.0331 9 4.52806 27.6037  2
hkth1d2hkth1d4hkth3d4 9 3.83995 26.0266 10 3.53558 27.5431  3
hkth5d8hkth1d2 7 4.15736 34.6789 8 3.87252 37.3126  2
hkth1d8ed2 7 3.97332 43.1037 8 3.84214 44.0529  2
hkth1d2hkth1d4hkth2d4 9 3.68252 25.7449 9 3.44141 26.4183  3
bd2ed2ed2ed2ed2 10 3.69067 21.8409 9 3.87433 27.6329  5
ed2hkth1d4hkth2d4 9 3.69957 25.8206 10 3.39741 26.4794  3
hkth5d6bd2ed2 8 4.0435 30.03 9 4.29194 41.2671  3
ed6hkth1d4 7 3.54055 24.45 8 3.30833 23.6274  2
bd6hkth1d2hkth1d2 8 3.69424 26.5597 9 4.54496 31.4883  3
ed6ed4 8 3.64246 24.7709 9 3.32859 20.7566  2
bd2bd2bd2ed2hkth1d2 9 3.63828 21.2331 9 4.27995 29.2194  5
hkth1d2hkth2d4hkth2d4 9 3.83833 26.8177 9 3.41897 25.2363  3
bd4bd2ed2hkth1d2 9 3.55822 23.2063 11 4.40917 30.9149  4
hkth1d6bd2ed2 7 3.68126 34.6217 9 3.78184 37.4697  3
hkth2d6bd2bd2 8 3.70824 27.6386 8 4.03112 30.0794  3
bd4bd2ed2ed2 10 3.54426 23.3263 9 4.37249 30.6246  4
hkth3d8hkth1d2 7 3.90559 31.3886 8 3.5388 29.8929  2
hkth4d6hkth1d4 8 3.72386 26.3011 9 3.58763 29.556  2
bd8hkth1d2 9 3.85473 31.3014 8 5.20838 33.6563  2
hkth3d4hkth1d2hkth1d2hkth1d2 10 3.84823 26.8551 10 3.83069 32.3174  4
bd2bd2bd2ed2ed2 9 3.69213 21.8563 9 4.23038 29.0954  5
ed2ed2ed2ed2ed2 8 3.69179 21.8457 9 3.57989 24.854  5
hkth2d6ed2hkth1d2 8 3.66324 27.404 8 3.51769 29.0126  3
hkth2d6hkth3d4 8 3.92025 28.1669 8 3.4453 26.3603  2
ed2hkth2d4hkth3d4 9 3.99425 26.2751 10 3.56395 24.7549  3
ed4bd2hkth1d2hkth1d2 10 3.55034 23.3071 9 3.69507 27.446  4
hkth1d6hkth1d2hkth1d2 8 3.67553 34.6114 8 3.75134 37.5729  3
hkth7d10 2 4.39926 35.4371 4 4.68608 47.4606  1
hkth4d6ed2ed2 8 3.82694 26.7254 9 3.74444 33.4543  3
bd2ed2hkth1d2hkth1d2hkth1d2 9 3.59496 21.6046 8 3.85384 28.4143  5
hkth1d6hkth1d4 7 3.54096 33.0149 8 3.52553 33.7994  2
ed2hkth1d4hkth1d4 8 3.54975 26.9554 9 3.43509 26.9269  3
hkth3d6hkth2d4 8 3.96441 25.2089 9 3.50398 29.3003  2
hkth2d8bd2 8 3.75612 32.7577 8 3.8693 31.5891  2
hkth1d8bd2 8 3.97754 43.1054 8 4.02041 44.0603  2
hkth2d4bd2bd2bd2 9 3.77485 26.2863 10 4.13311 28.694  4
hkth1d4bd2bd2ed2 9 3.59513 27.7803 10 3.86472 31.906  4
hkth1d2ed4ed4 9 3.81981 26.292 10 3.36395 23.1706  3
ed4bd2ed2hkth1d2 9 3.55852 23.1946 10 3.75565 28.0563  4
bd6hkth1d4 8 3.68872 25.878 8 4.5433 26.7489  2
hkth2d6hkth1d2hkth1d2 8 3.68312 27.7357 8 3.49966 29.0246  3
hkth1d6bd2hkth1d2 8 3.69922 34.5731 8 3.71161 37.3997  3
hkth4d6hkth3d4 8 4.2414 29.1571 9 3.65168 30.5437  2
hkth5d6ed2hkth1d2 8 3.98498 30.192 9 4.04298 41.2391  3
hkth9d10 2 4.25551 30.6006 5 5.31334 57.2014  1
bd2bd2bd2bd2hkth1d2 9 3.64616 21.2223 9 4.40982 31.0011  5
hkth2d6bd2hkth1d2 8 3.66337 27.4049 9 3.53423 29.1409  3
ed2ed2hkth1d2hkth1d2hkth1d2 7 3.59301 21.5831 9 3.57048 24.8611  5
ed2ed2ed2ed2hkth1d2 9 3.63651 21.2546 9 3.54158 24.4  5
ed8bd2 7 3.90174 33.3974 8 3.53099 26.7246  2
hkth1d2ed4hkth2d4 8 3.603 23.19 10 3.51621 22.3251  3
hkth1d6ed4 7 3.55505 33.6091 8 3.56452 34.728  2
hkth4d10 2 3.9291 30.3114 4 3.57874 31.2689  1
bd4ed2hkth1d2hkth1d2 9 3.55047 23.2923 10 4.22293 31.0711  4
hkth6d8bd2 8 4.17705 31.1957 9 4.37968 43.6443  2
hkth1d2bd4hkth2d4 9 3.67056 25.6529 9 4.10824 28.1877  3
ed4bd2bd2hkth1d2 9 3.55666 23.2051 10 3.87906 27.8203  4
hkth5d6ed2ed2 8 4.04409 29.9906 11 4.04061 41.6143  3
bd2ed4hkth3d4 10 3.73588 23.9223 10 3.88016 25.1889  3
ed2bd4ed4 9 3.86556 25.7254 10 3.98267 26.8514  3
bd2bd2bd2hkth1d2hkth1d2 9 3.64861 21.5954 9 4.24217 29.1063  5
ed2ed4hkth1d4 8 3.54254 24.7314 9 3.51943 23.8643  3
ed4bd2bd2ed2 9 3.54488 23.4003 10 3.92397 27.5103  4
hkth4d6bd2bd2 8 3.82334 26.7243 9 4.17684 34.0797  3
bd6hkth2d4 7 3.84985 25.5754 9 4.56839 28.1263  2
hkth3d6hkth1d2hkth1d2 9 3.79371 26.0674 8 3.6322 33.0089  3
hkth3d4bd2ed2ed2 10 3.91683 26.7163 10 3.87543 32.574  4
hkth3d4bd2hkth1d2hkth1d2 8 3.83424 26.6783 10 3.85763 33.3889  4
hkth2d4bd2hkth1d2hkth1d2 9 3.73781 26.1986 11 3.59429 27.5446  4
bd2bd2ed2ed2ed2 9 3.69285 21.8366 10 3.91652 28.8357  5
hkth1d2bd4bd4 9 4.20412 30.6486 10 4.3913 26.2109  3
hkth1d2bd4hkth1d4 8 3.53988 24.8409 10 3.93938 26.8043  3
bd6bd2bd2 8 3.78882 26.4529 8 4.75398 31.258  3
hkth3d4ed2ed2ed2 11 3.91558 26.7586 12 3.81545 31.4217  4
hkth1d2bd4ed4 9 3.85202 25.8074 10 3.96873 27.9174  3
hkth5d6bd4 8 4.46356 27.7563 8 4.65613 38.5826  2
hkth1d6ed2hkth1d2 8 3.67417 34.6071 9 3.81892 37.3757  3
hkth2d8hkth1d2 8 3.74108 32.0403 8 3.45531 31.0109  2
ed8ed2 8 3.90257 33.3823 8 3.49154 25.9146  2
bd2bd4hkth1d4 9 3.54068 24.7331 9 4.28194 26.2603  3
hkth2d4ed2ed2hkth1d2 9 3.76377 26.126 11 3.52703 27.082  4
ed2bd4bd4 11 4.21258 31.1851 9 4.33331 26.1337  3
hkth2d6hkth2d4 8 3.7687 27.8063 9 3.37041 27.1226  2
hkth2d6ed2ed2 8 3.70792 27.6511 8 3.45818 29.0111  3
hkth4d8hkth1d2 7 3.86666 29.0897 8 3.70608 34.4191  2
hkth2d4hkth1d2hkth1d2hkth1d2 8 3.73861 25.996 10 3.58924 27.526  4
bd2hkth1d4hkth3d4 9 3.84654 26.5449 10 3.84071 26.9351  3
bd6bd2hkth1d2 8 3.70766 26.6203 9 4.7454 31.2234  3
hkth3d8ed2 7 3.89376 31.2874 8 3.57413 29.716  2
hkth3d6hkth3d4 9 3.98049 26.7606 8 3.58714 30.0306  2
hkth3d6hkth1d4 9 3.73621 25.8337 8 3.52037 29.3937  2
bd6hkth3d4 8 5.34738 26.7169 9 4.6228 28.1491  2
bd2hkth3d4hkth3d4 8 4.0377 27.268 10 3.8737 28.8046  3
ed8hkth1d2 8 3.89832 33.3071 8 3.40166 25.5311  2
hkth3d6ed2hkth1d2 9 3.7996 26.0766 10 3.73125 32.442  3
hkth2d6hkth1d4 8 3.61088 27.3757 8 3.3474 26.0149  2
bd2bd4bd4 9 4.21686 31.1829 9 4.40588 26.45  3
hkth1d2hkth1d2hkth1d2hkth1d2hkth1d2 8 3.56537 21.038 9 3.53605 24.6631  5
hkth2d4bd2bd2ed2 8 3.7727 26.3146 11 3.87587 27.8097  4
hkth1d2ed4hkth3d4 10 3.71353 23.5443 10 3.64347 24.7297  3
hkth1d4ed2ed2ed2 9 3.59545 27.7769 10 3.62469 31.1126  4
bd2ed2ed2hkth1d2hkth1d2 9 3.63633 21.6014 10 3.84347 28.3054  5
hkth8d10 2 4.10797 29.0783 4 4.66025 49.7323  1
hkth3d6bd2bd2 8 3.96264 26.2397 8 4.09067 32.5677  3
hkth1d6hkth2d4 7 3.67118 33.5511 8 3.51588 33.4563  2
hkth3d10 2 3.82854 30.2617 3 3.51086 31.4423  1
bd2hkth2d4hkth3d4 9 3.98793 26.3789 10 3.84747 25.7251  3
hkth1d2hkth3d4hkth3d4 10 4.05872 27.1057 9 3.67183 29.0594  3
bd2bd2bd2bd2ed2 8 3.6977 21.8386 10 4.48801 30.9903  5
hkth4d6ed4 8 3.83037 26.7846 9 3.62993 30.1611  2
ed6bd2bd2 9 3.54268 25.3091 9 3.92662 25.8671  3
ed2hkth3d4hkth3d4 9 4.03547 27.2183 11 3.66712 28.8263  3
ed2hkth2d4hkth2d4 9 3.83512 26.762 10 3.44955 25.0357  3
bd2bd4ed4 9 3.8647 25.7134 10 4.252 26.4023  3
bd2hkth1d4hkth1d4 9 3.55052 26.9543 9 3.51613 26.0734  3
hkth3d6ed4 8 3.73544 25.6629 8 3.6538 29.5503  2
hkth5d8ed2 8 4.13646 34.748 8 3.87885 37.1577  2
hkth4d6hkth2d4 7 3.87437 26.2634 9 3.67952 30.4314  2
hkth1d6hkth3d4 9 3.75297 33.6194 8 3.55277 33.7883  2
ed6ed2ed2 8 3.54062 25.3094 10 3.44781 23.8117  3
hkth5d6bd2hkth1d2 8 3.98827 30.2554 9 4.2275 41.0703  3
bd2bd2bd2bd2bd2 7 4.46799 21.8366 9 4.51452 31.9609  5
hkth1d4bd2bd2hkth1d2 9 3.55752 27.9109 10 3.83991 32.0011  4
hkth1d4ed2ed2hkth1d2 9 3.56018 27.9177 10 3.61911 31.2926  4
hkth1d8hkth1d2 7 3.98974 43.0254 7 3.81767 43.1497  2
hkth7d8ed2 7 4.16196 32.3706 10 4.52939 50.42  2
hkth4d6bd2ed2 8 3.82807 26.726 9 3.93328 34.0663  3
bd2bd4hkth3d4 9 3.93658 25.572 10 4.56098 27.0486  3
bd4bd2bd2ed2 10 3.54612 23.3526 10 4.60276 32.0131  4
hkth1d4bd2bd2bd2 10 3.60373 27.8043 10 4.04158 30.8537  4
hkth5d10 2 4.089 31.1103 4 3.90303 39.1466  1
hkth4d6bd2hkth1d2 8 3.80646 26.9111 9 3.86568 33.6074  3
hkth3d4ed2hkth1d2hkth1d2 9 3.85483 26.6763 10 3.69415 32.276  4
ed2bd4hkth1d4 9 3.54096 24.6754 10 4.02651 27.084  3
bd2hkth1d4hkth2d4 9 3.70981 25.8289 9 3.56502 26.5146  3
ed2ed4ed4 10 3.82195 26.5117 10 3.39686 23.1377  3
hkth1d10 2 4.09206 50.0046 3 3.88654 50.014  1
hkth6d10 3 4.16538 32.518 4 4.00278 39.1434  1
hkth1d2ed4hkth1d4 9 3.54094 24.8311 9 3.46254 24.3231  3
hkth6d8hkth1d2 7 4.17632 31.3594 9 4.11175 42.8534  2
bd2hkth1d2hkth1d2hkth1d2hkth1d2 9 3.5632 21.0834 9 3.85182 28.9809  5
ed6hkth3d4 8 3.65926 24.4643 9 3.46466 25.0757  2
hkth1d4bd2ed2ed2 10 3.59964 27.7906 10 3.63898 31.0166  4
ed6bd2ed2 9 3.54164 25.3037 9 3.5748 24.7534  3
bd8bd2 7 3.88864 31.8866 8 5.12693 32.9657  2
ed4hkth1d2hkth1d2hkth1d2 9 3.59347 23.124 9 3.62001 27.3289  4
ed4ed2ed2ed2 9 3.54454 23.3343 10 3.56952 26.3106  4
hkth2d6bd4 8 3.62273 27.8277 8 4.15009 28.5643  2
ed4bd2bd2bd2 10 3.54455 23.3717 10 4.17194 28.2697  4
hkth2d10 2 3.70049 34.2283 3 3.4244 33.052  1
ed6bd2hkth1d2 9 3.54104 25.1349 8 3.49208 24.7394  3
ed6hkth2d4 7 3.54247 23.7331 9 3.33985 21.0486  2
hkth3d4bd2bd2bd2 9 3.91689 26.7403 10 4.32918 32.6954  4
hkth3d6ed2ed2 7 3.862 26.2497 9 3.663 32.6831  3
hkth5d6hkth1d2hkth1d2 8 3.988 31.0163 9 4.09115 41.5669  3
hkth5d6ed4 8 4.33492 26.4249 9 3.85285 38.4891  2
bd2ed2ed2ed2hkth1d2 9 3.63704 21.2326 10 3.84241 29.0991  5
bd2bd2ed2hkth1d2hkth1d2 9 3.63618 21.5814 9 4.17591 28.7057  5
bd4ed2ed2hkth1d2 9 3.58606 23.2023 10 4.12324 30.972  4
bd4hkth1d2hkth1d2hkth1d2 9 3.55586 23.0883 10 4.11785 31.0377  4
hkth3d4ed2ed2hkth1d2 9 3.89344 26.2457 10 3.7308 31.3177  4
bd2ed4hkth1d4 10 3.54003 24.7134 9 3.65585 24.1686  3
hkth5d8bd2 7 4.13537 34.7711 8 4.07004 38.1866  2
hkth1d4hkth1d2hkth1d2hkth1d2 10 3.60381 27.9049 10 3.70265 30.912  4
bd2hkth2d4hkth2d4 9 3.83625 26.7391 10 3.61793 25.4309  3
ed4ed2ed2hkth1d2 10 3.55739 23.1889 10 3.55562 26.2511  4
hkth1d4ed2hkth1d2hkth1d2 9 3.60653 27.8929 10 3.68052 31.264  4
ed2hkth1d4hkth3d4 9 3.84289 26.5489 9 3.53325 26.8474  3
hkth2d4ed2hkth1d2hkth1d2 9 3.73836 26.2626 10 3.85989 27.1329  4
ed10 2 3.70448 32.5723 3 3.30548 22.498  1
ed4ed2hkth1d2hkth1d2 9 3.54972 23.264 10 3.5492 26.92  4
bd8ed2 8 3.88895 31.8809 8 5.22219 33.9211  2
ed2hkth1d2hkth1d2hkth1d2hkth1d2 8 3.56448 21.0817 8 3.60849 24.8283  5
bd4bd2hkth1d2hkth1d2 9 3.5503 23.2966 10 4.35053 30.8251  4
hkth7d8bd2 7 4.15966 32.3769 10 4.8867 51.1326  2
hkth2d6bd2ed2 9 3.70669 27.6377 9 3.6052 29.5063  3
hkth3d4bd2bd2hkth1d2 11 3.88871 26.168 10 4.10864 32.4223  4
bd2bd2hkth1d2hkth1d2hkth1d2 8 3.59216 21.5989 9 3.89526 28.5206  5
hkth3d6bd2ed2 8 3.86294 26.25 9 3.86576 33.2434  3
bd2ed4ed4 9 3.83095 26.5931 10 3.56073 24.4137  3
hkth2d4bd2bd2hkth1d2 10 3.76422 26.1414 10 3.84613 27.8083  4
hkth2d6ed4 8 3.62261 27.7871 9 3.46267 26.062  2
ed6ed2hkth1d2 7 3.54138 25.1446 9 3.50499 23.9143  3
bd4bd2bd2bd2 10 3.54521 23.3246 10 4.55756 32.0926  4
hkth3d4bd2bd2ed2 9 3.91568 26.732 10 4.10092 31.9783  4
hkth4d6ed2hkth1d2 7 3.79942 26.9326 9 3.91247 33.3337  3
ed6bd4 8 3.77385 25.9669 8 3.96159 24.0223  2
hkth1d2bd4hkth3d4 9 3.94463 25.8171 10 4.20229 27.3714  3
hkth4d8ed2 7 3.84271 29.108 8 3.80417 34.136  2
bd2bd4hkth2d4 9 3.71015 25.7537 10 4.37211 27.2557  3
bd6ed2hkth1d2 8 5.12963 26.5566 9 4.59988 31.2063  3
bd6ed2ed2 7 3.78188 26.4094 10 4.59041 30.8494  3
hkth1d4bd2ed2hkth1d2 9 3.55639 27.9186 10 3.7392 30.9209  4
bd2ed4hkth2d4 9 3.60956 23.1869 9 3.67206 22.9829  3
hkth3d8bd2 7 3.89502 31.2294 8 3.83834 30.4231  2
hkth5d6hkth2d4 7 4.09209 29.6166 9 3.98168 38.4163  2
ed2ed4hkth2d4 9 3.60857 23.1946 11 3.55684 22.2517  3
hkth1d2hkth1d4hkth1d4 8 3.55636 26.9537 10 3.41476 26.684  3
hkth1d4bd2hkth1d2hkth1d2 8 3.60049 27.8926 10 3.61146 31.3234  4
hkth2d8ed2 8 3.75496 32.758 8 3.50304 31.0129  2
ed2ed4hkth3d4 9 3.72979 23.9097 10 3.65548 24.8197  3
hkth2d4bd2ed2hkth1d2 9 3.76373 26.1406 9 3.7288 27.8326  4
bd6bd4 7 4.00446 27.3889 8 4.99889 28.5323  2
hkth2d4bd2ed2ed2 9 3.76835 26.268 9 3.61609 27.4851  4
ed2ed2ed2hkth1d2hkth1d2 10 3.63715 21.61 9 3.68205 25.0743  5
hkth1d6ed2ed2 8 3.67679 34.6351 9 3.73831 37.7363  3
hkth4d8bd2 7 3.84119 29.1037 8 3.86148 34.85  2
hkth5d6bd2bd2 8 4.04345 30.0129 9 4.52307 42.102  3
bd6bd2ed2 8 3.7899 26.4551 9 4.79256 31.5903  3
ed4bd2ed2ed2 10 3.5441 23.406 11 3.68221 27.9549  4
hkth7d8hkth1d2 7 4.19443 32.4357 10 4.48043 50.6983  2
bd4bd2bd2hkth1d2 9 3.55785 23.1786 10 4.55737 31.8  4
hkth3d6bd2hkth1d2 8 3.79987 26.0671 8 3.83313 32.8994  3
hkth5d6hkth3d4 8 4.19345 31.0214 9 3.99818 37.3449  2
hkth1d6bd2bd2 8 3.67645 34.6151 8 4.06894 38.1223  3
bd2bd2ed2ed2hkth1d2 8 3.63879 21.2326 9 3.9521 29.0591  5
hkth4d6bd4 8 4.29572 30.4694 9 4.2494 30.7311  2
hkth1d2hkth2d4hkth3d4 10 4.00295 26.6603 10 3.54608 24.9791  3
ed6hkth1d2hkth1d2 8 3.54428 25.0551 8 3.45717 24.1469  3
hkth2d4ed2ed2ed2 10 3.76913 26.324 10 3.53957 27.0857  4
hkth3d6bd4 7 3.89148 25.5503 8 4.18321 30.0317  2
ed2bd4hkth2d4 9 3.70348 25.7626 10 4.17486 28.7491  3
bd4ed2ed2ed2 9 3.54368 23.3337 10 4.16522 30.7694  4
ed2bd4hkth3d4 9 3.93357 25.5757 9 4.17265 27.414  3
bd10 2 5.57129 27.6269 3 5.65884 31.7263  1
hkth4d6hkth1d2hkth1d2 8 3.79658 26.9334 10 3.8357 33.8786  3
hkth3d4bd2ed2hkth1d2 10 3.88935 26.2211 10 4.09165 32.4009  4
