bd2bd4bd4 34 26.65 39 17.50
bd6bd4 32 30.00 39 19.20
hkth1d2bd4bd4 34 26.65 40 18.15
bd2bd2bd2bd2bd2 39 30.85 41 14.80
bd2bd2bd2bd2ed2 39 30.85 41 20.05
bd2bd2bd2bd2hkth1d2 39 30.85 41 38.00
bd2bd4hkth2d4 34 27.05 41 39.15
ed2bd4bd4 34 26.65 42 18.65
bd2bd2bd2ed2ed2 39 30.85 42 19.50
ed2bd4hkth2d4 34 27.05 42 38.80
bd4bd2bd2bd2 36 27.15 43 13.30
bd2bd2bd2hkth1d2hkth1d2 39 30.85 43 13.80
bd4bd2hkth1d2hkth1d2 36 27.15 43 14.30
bd4bd2bd2ed2 36 27.15 43 15.05
bd4bd2ed2hkth1d2 36 27.15 43 15.55
bd4ed2ed2ed2 36 27.15 43 18.75
bd10 39 26.05 43 29.50
bd6hkth2d4 33 30.00 43 39.60
bd4bd2bd2hkth1d2 36 27.15 43 41.40
bd6bd2bd2 33 30.00 44 15.10
bd6bd2ed2 33 30.00 44 15.60
bd4bd2ed2ed2 36 27.15 44 18.15
bd6ed2ed2 33 30.00 44 19.85
hkth1d2bd4hkth2d4 34 27.05 44 40.40
bd2hkth2d4hkth2d4 35 30.95 44 41.00
ed2hkth2d4hkth2d4 35 30.95 44 41.90
bd6bd2hkth1d2 33 30.00 44 43.15
bd4hkth1d2hkth1d2hkth1d2 36 27.15 45 14.60
bd6hkth1d2hkth1d2 33 30.00 45 14.70
bd4ed2ed2hkth1d2 36 27.15 45 16.05
bd2bd2ed2ed2hkth1d2 39 30.85 45 16.10
bd4ed2hkth1d2hkth1d2 36 27.15 45 16.10
bd6ed2hkth1d2 33 30.00 45 16.15
bd2bd2ed2hkth1d2hkth1d2 39 30.85 45 16.20
ed2bd4hkth3d4 34 26.80 45 17.20
bd2bd2ed2ed2ed2 39 30.85 45 18.85
hkth2d6bd4 34 31.00 45 21.00
hkth1d2hkth2d4hkth2d4 35 30.95 45 41.00
hkth2d6hkth2d4 34 30.95 45 44.00
bd2bd2hkth1d2hkth1d2hkth1d2 39 30.85 46 14.05
bd2bd4hkth3d4 34 26.80 46 14.65
hkth2d6hkth3d4 34 30.95 46 15.45
bd2hkth2d4hkth3d4 35 30.95 46 15.80
hkth3d6bd4 37 36.00 46 15.85
ed2ed2ed2hkth1d2hkth1d2 39 30.85 46 17.15
ed2ed2ed2ed2hkth1d2 39 30.85 46 17.20
ed2hkth2d4hkth3d4 35 30.95 46 17.90
ed2ed2ed2ed2ed2 39 30.85 46 20.70
hkth3d6hkth2d4 37 36.00 46 45.00
hkth2d4bd2bd2hkth1d2 36 27.05 47 14.15
hkth2d4bd2bd2bd2 36 27.05 47 14.45
hkth2d4bd2hkth1d2hkth1d2 36 27.05 47 14.50
hkth2d4hkth1d2hkth1d2hkth1d2 36 27.05 47 15.05
bd2bd2bd2ed2hkth1d2 39 30.85 47 15.55
bd8bd2 37 36.90 47 15.80
hkth2d4bd2ed2hkth1d2 36 27.05 47 16.10
hkth3d6hkth3d4 37 36.00 47 16.40
hkth2d4ed2hkth1d2hkth1d2 36 27.05 47 16.50
hkth2d4ed2ed2hkth1d2 36 27.05 47 16.55
bd2ed2hkth1d2hkth1d2hkth1d2 39 30.85 47 16.70
bd8ed2 37 36.90 47 16.85
ed2ed2hkth1d2hkth1d2hkth1d2 39 30.85 47 17.15
hkth2d4bd2bd2ed2 36 27.05 47 18.60
hkth2d4ed2ed2ed2 36 27.05 47 18.85
hkth2d4bd2ed2ed2 36 27.05 47 19.45
bd8hkth1d2 37 36.90 47 46.30
bd2hkth1d2hkth1d2hkth1d2hkth1d2 39 30.85 48 14.60
hkth1d2hkth1d2hkth1d2hkth1d2hkth1d2 39 30.85 48 15.05
ed2bd4ed4 34 26.75 48 23.90
bd6ed4 32 30.00 48 29.80
hkth2d6ed4 34 30.75 48 48.00
bd6hkth3d4 33 30.00 49 15.40
bd2hkth3d4hkth3d4 34 26.10 49 16.20
bd2ed2ed2hkth1d2hkth1d2 39 30.85 49 16.50
bd2ed2ed2ed2hkth1d2 39 30.85 49 16.55
bd2ed2ed2ed2ed2 39 30.85 49 20.05
bd2ed4ed4 34 32.00 49 26.05
hkth3d6ed4 37 36.00 49 27.60
hkth2d6bd2hkth1d2 34 30.95 50 13.50
hkth2d6bd2bd2 34 30.95 50 13.80
hkth2d6hkth1d2hkth1d2 34 30.95 50 14.00
hkth2d6ed2hkth1d2 34 30.95 50 15.50
hkth4d6bd4 32 30.15 50 15.70
hkth2d6bd2ed2 34 30.95 50 16.25
ed2hkth1d2hkth1d2hkth1d2hkth1d2 39 30.85 50 17.00
hkth2d6ed2ed2 34 30.95 50 18.50
hkth4d6ed4 32 30.20 50 28.00
hkth1d2bd4ed4 34 26.75 50 29.60
hkth4d6hkth2d4 32 30.20 50 49.00
hkth3d6bd2bd2 37 36.00 51 14.80
hkth3d6bd2hkth1d2 37 36.00 51 14.90
hkth3d6hkth1d2hkth1d2 37 36.00 51 15.10
hkth4d8hkth1d2 37 36.05 51 15.10
hkth1d2bd4hkth3d4 34 26.80 51 15.20
hkth4d8bd2 37 36.05 51 15.35
hkth1d2hkth2d4hkth3d4 35 30.95 51 16.00
hkth3d6ed2hkth1d2 37 36.00 51 17.20
hkth4d6hkth3d4 32 30.25 51 17.25
hkth3d6ed2ed2 37 36.00 51 18.35
hkth4d8ed2 37 36.05 51 18.75
hkth3d6bd2ed2 37 36.00 51 19.15
hkth1d2hkth3d4hkth3d4 34 26.10 52 17.25
hkth2d8bd2 39 35.00 53 12.95
hkth2d6hkth1d4 36 31.00 53 13.00
hkth2d8hkth1d2 39 35.00 53 13.00
hkth1d2bd4hkth1d4 36 27.40 53 13.50
hkth3d8hkth1d2 38 36.95 53 14.10
hkth4d10 33 6.45 53 14.20
hkth3d8bd2 38 36.95 53 14.50
hkth2d8ed2 39 35.00 53 15.45
hkth3d8ed2 38 36.95 53 17.90
ed2hkth3d4hkth3d4 34 26.10 53 18.30
ed2ed4ed4 34 32.00 53 25.00
bd2bd4hkth1d4 36 27.40 53 43.70
bd2hkth1d4hkth1d4 39 30.95 54 12.55
hkth1d2hkth1d4hkth1d4 39 30.95 54 13.00
bd2hkth1d4hkth3d4 36 27.05 54 14.50
ed2bd4hkth1d4 36 27.40 54 15.00
hkth3d4bd2bd2hkth1d2 36 27.15 54 15.00
hkth1d2hkth1d4hkth3d4 36 27.05 54 15.20
hkth3d4bd2hkth1d2hkth1d2 36 27.15 54 15.75
hkth3d4bd2bd2bd2 36 27.15 54 16.10
hkth3d4hkth1d2hkth1d2hkth1d2 36 27.15 54 16.15
hkth3d4bd2ed2hkth1d2 36 27.15 54 17.80
hkth3d4ed2hkth1d2hkth1d2 36 27.15 54 18.00
hkth3d4bd2bd2ed2 36 27.15 54 18.25
hkth3d4ed2ed2hkth1d2 36 27.15 54 18.25
hkth3d4bd2ed2ed2 36 27.15 54 19.20
hkth3d4ed2ed2ed2 36 27.15 54 21.05
bd2bd4ed4 34 26.75 54 29.85
hkth1d2hkth1d4hkth2d4 37 31.95 54 46.00
bd2hkth1d4hkth2d4 37 31.95 54 47.00
hkth5d10 43 6.85 54 53.00
hkth3d10 36 6.05 55 13.20
hkth4d6bd2hkth1d2 34 30.25 55 15.65
hkth4d6bd2bd2 34 30.25 55 16.10
hkth4d6hkth1d2hkth1d2 34 30.25 55 16.25
hkth4d6ed2hkth1d2 34 30.25 55 17.55
hkth4d6bd2ed2 34 30.25 55 18.20
hkth4d6ed2ed2 34 30.25 55 19.65
ed2ed4hkth3d4 34 32.00 55 21.15
hkth1d2ed4hkth3d4 34 32.00 55 21.20
hkth1d2ed4ed4 34 32.00 55 25.90
ed2ed4hkth2d4 34 31.95 55 52.90
hkth1d2ed4hkth2d4 34 31.95 55 55.50
hkth3d6hkth1d4 38 35.95 56 14.00
ed2hkth1d4hkth1d4 39 30.95 56 15.00
ed2hkth1d4hkth3d4 36 27.05 56 17.00
bd6hkth1d4 37 30.00 56 43.05
hkth2d10 40 5.80 56 55.00
hkth1d4bd2bd2hkth1d2 36 26.90 57 13.00
hkth1d4bd2bd2bd2 36 26.90 57 13.05
hkth1d4bd2hkth1d2hkth1d2 36 26.90 57 13.60
hkth1d4hkth1d2hkth1d2hkth1d2 36 26.90 57 14.00
hkth4d6hkth1d4 37 30.15 57 15.00
hkth1d4bd2ed2hkth1d2 36 26.90 57 15.50
hkth1d4ed2ed2hkth1d2 36 26.90 57 16.00
hkth1d4ed2hkth1d2hkth1d2 36 26.90 57 16.00
hkth5d6hkth1d4 36 26.90 57 16.85
hkth1d4bd2bd2ed2 36 26.90 57 17.40
hkth5d6bd4 32 25.95 57 17.85
hkth5d6hkth3d4 32 25.80 57 18.20
hkth1d4bd2ed2ed2 36 26.90 57 18.70
hkth1d4ed2ed2ed2 36 26.90 57 18.75
bd2ed4hkth1d4 36 32.00 57 19.35
bd2ed4hkth3d4 34 32.00 57 20.60
hkth5d6ed4 32 26.10 57 30.45
ed2hkth1d4hkth2d4 37 31.95 57 47.20
bd2ed4hkth2d4 34 31.95 57 53.55
hkth5d6hkth2d4 33 26.85 57 56.00
hkth5d8hkth1d2 34 31.95 58 16.25
hkth5d8bd2 34 31.95 58 16.50
hkth6d10 38 6.70 58 16.50
hkth5d8ed2 34 31.95 58 19.35
ed4hkth1d2hkth1d2hkth1d2 38 27.75 58 21.00
ed4bd2bd2hkth1d2 38 27.75 60 19.50
ed4bd2bd2bd2 38 27.75 60 19.55
ed4bd2hkth1d2hkth1d2 38 27.75 60 20.20
ed4bd2ed2hkth1d2 38 27.75 60 20.25
ed4ed2ed2hkth1d2 38 27.75 60 20.60
ed4ed2hkth1d2hkth1d2 38 27.75 60 20.70
ed4bd2bd2ed2 38 27.75 60 22.00
ed4bd2ed2ed2 38 27.75 60 22.65
ed4ed2ed2ed2 38 27.75 60 24.20
hkth5d6bd2hkth1d2 32 25.95 62 16.60
hkth5d6bd2bd2 32 25.95 62 17.45
hkth5d6hkth1d2hkth1d2 32 25.95 62 17.45
hkth5d6ed2hkth1d2 32 25.95 62 18.85
ed2ed4hkth1d4 36 32.00 62 19.50
hkth1d2ed4hkth1d4 36 32.00 62 19.50
hkth5d6bd2ed2 32 25.95 62 20.60
hkth5d6ed2ed2 32 25.95 62 21.75
hkth1d6hkth1d4 42 35.00 63 12.00
hkth1d6hkth3d4 42 35.00 63 14.25
hkth1d6bd4 42 35.00 63 19.90
hkth1d6ed4 42 35.00 63 56.00
hkth1d6hkth2d4 42 35.00 63 56.00
hkth6d8hkth1d2 36 36.05 64 17.30
hkth6d8bd2 36 36.05 64 17.45
hkth6d8ed2 36 36.05 64 20.60
hkth7d10 38 7.55 66 18.05
hkth8d10 38 7.75 67 19.25
hkth1d6bd2bd2 42 35.00 68 12.45
hkth1d6bd2hkth1d2 42 35.00 68 12.50
hkth1d6hkth1d2hkth1d2 42 35.00 68 13.00
hkth1d6ed2hkth1d2 42 35.00 68 15.00
hkth1d6bd2ed2 42 35.00 68 17.35
hkth1d6ed2ed2 42 35.00 68 17.90
ed6hkth1d4 36 26.30 68 22.50
ed6bd4 32 25.00 68 23.75
ed6hkth3d4 32 25.00 68 24.00
ed6ed4 32 25.95 68 26.20
hkth7d8hkth1d2 38 36.70 70 19.05
hkth7d8bd2 38 36.70 70 19.55
hkth7d8ed2 38 36.70 70 22.25
ed6hkth2d4 33 26.70 70 67.00
ed6bd2bd2 33 25.00 73 22.95
ed6bd2hkth1d2 33 25.00 73 23.00
ed6ed2hkth1d2 33 25.00 73 23.50
ed6hkth1d2hkth1d2 33 25.00 73 23.50
ed6bd2ed2 33 25.00 73 23.60
ed6ed2ed2 33 25.00 73 24.60
hkth9d10 32 7.35 74 20.80
hkth1d8hkth1d2 52 45.00 79 12.00
hkth1d8bd2 52 45.00 79 72.00
hkth1d8ed2 52 45.00 79 72.00
ed8hkth1d2 36 37.85 86 28.00
ed8bd2 36 37.85 86 28.05
ed8ed2 36 37.85 86 29.10
hkth1d10 57 5.50 90 83.00
ed10 32 7.10 99 97.00
