bd8bd2 7 3.85583 31.1254 9 5.20185 32.1766 2 
 hkth2d6ed4 8 3.63606 27.6374 9 3.4938 26.38 2 
 hkth5d6hkth1d4 7 3.99107 29.9217 9 3.99102 38.206 2 
 bd6hkth1d4 8 3.69277 25.9314 8 4.53498 26.438 2 
 ed6ed4 8 3.65491 24.4734 8 3.30396 20.9889 2 
 ed8bd2 7 3.96585 33.4389 9 3.64137 26.8031 2 
 ed6bd4 8 3.77045 26.1197 9 3.85415 24.0114 2 
 ed8hkth1d2 7 4.04723 33.0643 9 3.55295 26.1003 2 
 hkth5d6hkth2d4 8 4.11732 30.1254 10 4.06245 38.1077 2 
 hkth2d8ed2 8 3.78259 32.824 8 3.56001 31.1909 2 
 hkth1d8hkth1d2 7 3.94074 43.0526 7 3.88356 43.7451 2 
 hkth3d6ed4 8 3.69746 26.4363 9 3.65821 29.9237 2 
 hkth3d6hkth1d4 8 3.77477 25.7591 8 3.58632 29.4309 2 
 bd6bd4 9 4.16932 28.3923 8 4.72415 28.622 2 
 hkth4d6bd4 8 4.30006 30.0666 9 4.13894 30.9111 2 
 bd8hkth1d2 8 3.86584 31.1186 9 5.11545 31.934 2 
 hkth4d6hkth2d4 8 3.90054 26.0677 9 3.81379 30.2271 2 
 ed6hkth2d4 8 3.56459 23.9611 9 3.39617 21.0306 2 
 ed6hkth1d4 7 3.55047 24.4934 8 3.40303 23.6657 2 
 hkth5d6bd4 9 4.50471 27.4234 9 4.46224 38.4886 2 
 hkth2d6hkth3d4 8 3.91592 27.7874 8 3.56659 26.5826 2 
 hkth3d8bd2 8 3.92166 31.2614 8 3.83308 30.3257 2 
 hkth1d6hkth1d4 8 3.55006 33.0363 8 3.60892 33.9894 2 
 hkth7d8hkth1d2 7 6.05112 32.6731 9 4.67066 50.8694 2 
 hkth6d8hkth1d2 7 4.2398 31.8394 9 4.17819 42.7351 2 
 hkth1d6bd4 8 3.59863 33.6369 8 4.05626 34.9497 2 
 hkth2d6bd4 8 3.62866 27.6694 8 4.04211 28.5774 2 
 hkth1d6ed4 7 3.59051 33.6363 8 3.64267 34.6351 2 
 hkth2d8bd2 8 3.78375 32.8257 8 3.61628 31.8529 2 
 hkth5d6hkth3d4 9 4.16831 31.0126 9 4.03741 37.2797 2 
 ed6hkth3d4 8 3.75602 25.0803 9 3.58384 25.256 2 
 hkth6d8ed2 6 4.25106 31.6729 10 4.11852 42.8343 2 
 hkth6d8bd2 8 4.24786 31.6777 10 4.47752 43.4434 2 
 hkth4d6ed4 8 4.00596 26.6909 9 3.60509 30.2751 2 
 hkth3d8ed2 8 3.92248 31.2786 8 3.57532 29.8471 2 
 hkth4d8bd2 8 3.87217 28.4483 8 3.87676 34.8397 2 
 hkth2d6hkth1d4 8 3.60109 27.4083 8 3.44843 26.2754 2 
 hkth3d6bd4 8 3.88546 25.9126 8 4.09434 30.404 2 
 hkth2d8hkth1d2 7 3.80449 32.794 8 3.55925 31.2757 2 
 hkth5d8bd2 7 4.19734 34.9546 9 4.18068 38.5031 2 
 hkth7d8bd2 7 4.25463 32.18 9 4.92653 51.4971 2 
 hkth2d6hkth2d4 8 3.74345 27.4914 8 3.45547 27.268 2 
 bd8ed2 8 3.85713 31.138 8 5.2928 31.784 2 
 hkth5d8ed2 8 5.82204 34.95 9 3.87785 38.1686 2 
 hkth1d8ed2 8 3.94912 43.0511 7 3.88291 43.8743 2 
 hkth3d6hkth3d4 8 4.0283 26.5443 9 3.67991 30.0514 2 
 hkth4d6hkth3d4 9 4.40798 29.2046 9 3.78602 30.248 2 
 hkth4d8hkth1d2 7 3.82731 28.5274 8 3.84455 34.332 2 
 hkth1d6hkth3d4 8 3.74614 33.6437 9 3.64752 33.6691 2 
 bd6ed4 8 4.06205 27.4463 8 4.49156 27.7971 2 
 hkth7d8ed2 8 5.89832 32.1723 9 4.67601 51.4023 2 
 hkth4d6hkth1d4 9 3.79205 27.216 8 3.73499 29.6934 2 
 ed8ed2 8 3.96631 33.4531 9 3.47318 26.0066 2 
 bd6hkth3d4 8 3.94715 26.8326 9 4.66937 28.2954 2 
 hkth5d6ed4 8 4.38769 26.972 9 3.89173 38.3771 2 
 bd6hkth2d4 7 3.84891 25.7426 9 4.60829 29.0034 2 
 hkth1d8bd2 8 3.9397 43.0511 7 3.89102 44.3091 2 
 hkth3d8hkth1d2 7 3.9139 31.1271 8 3.64424 29.9983 2 
 hkth4d8ed2 8 3.8703 28.486 9 3.81714 34.2409 2 
 hkth5d8hkth1d2 7 4.21435 34.9877 8 3.99302 37.5434 2 
 hkth1d6hkth2d4 8 3.79675 33.6694 8 3.61657 33.566 2 
 hkth3d6hkth2d4 7 3.98743 25.6631 9 3.617 29.1829 2 
 