bd4bd2hkth1d2hkth1d2 9 3.55686 23.5117 10 4.44683 30.3111 4 
 hkth3d4bd2bd2hkth1d2 11 3.93038 27.2451 10 4.15644 32.5623 4 
 hkth2d4bd2hkth1d2hkth1d2 10 3.75719 26.4874 11 3.68838 27.9957 4 
 bd4bd2ed2hkth1d2 10 4.90438 21.8417 10 4.34096 29.8651 4 
 ed4ed2ed2ed2 10 3.75804 23.1049 9 3.69748 26.55 4 
 hkth1d4bd2bd2bd2 10 3.58468 27.5751 10 4.12044 31.7991 4 
 bd4bd2bd2hkth1d2 9 3.54923 21.9403 11 4.58696 30.6403 4 
 ed4bd2hkth1d2hkth1d2 9 3.54451 23.568 10 3.85397 28.0849 4 
 hkth2d4bd2bd2hkth1d2 10 3.8659 25.9191 10 3.87441 28.4074 4 
 hkth3d4ed2hkth1d2hkth1d2 9 3.99347 27.7943 11 3.85685 32.8854 4 
 hkth1d4ed2hkth1d2hkth1d2 9 3.59547 27.9843 10 3.70337 31.0731 4 
 bd4bd2bd2ed2 9 3.5483 23.1377 10 4.57379 31.0094 4 
 hkth3d4bd2bd2ed2 9 4.02701 27.8177 11 4.10741 32.4997 4 
 ed4bd2bd2ed2 10 3.54423 23.1886 10 3.86943 27.7629 4 
 hkth1d4bd2hkth1d2hkth1d2 9 3.59345 27.998 10 3.74103 31.5151 4 
 hkth3d4ed2ed2hkth1d2 9 3.92628 27.0851 10 3.84629 31.6277 4 
 hkth2d4ed2ed2ed2 10 3.85596 25.9597 11 3.71812 27.126 4 
 ed4bd2ed2hkth1d2 9 3.5565 21.9063 11 3.7139 27.9563 4 
 ed4ed2ed2hkth1d2 9 3.54654 21.8471 10 3.60854 27.1126 4 
 ed4bd2bd2bd2 9 3.54336 23.1694 11 4.22662 27.7834 4 
 hkth2d4hkth1d2hkth1d2hkth1d2 9 3.74068 26.2817 11 3.72257 27.6954 4 
 hkth1d4hkth1d2hkth1d2hkth1d2 9 3.59536 27.9971 10 3.7315 30.798 4 
 hkth2d4ed2ed2hkth1d2 9 3.86659 25.9106 10 3.59142 27.1371 4 
 hkth2d4bd2bd2bd2 9 3.857 26.024 11 4.12406 28.6851 4 
 hkth3d4bd2ed2ed2 10 4.02871 27.8151 11 3.84001 32.1014 4 
 hkth1d4ed2ed2hkth1d2 9 3.58466 28.2094 11 3.62811 31.3057 4 
 ed4hkth1d2hkth1d2hkth1d2 9 3.55407 22.1237 11 3.85167 27.0686 4 
 hkth3d4bd2bd2bd2 10 4.02752 27.8097 10 4.45317 33.2783 4 
 hkth1d4bd2ed2hkth1d2 10 3.58621 28.2114 10 3.72344 30.914 4 
 hkth3d4bd2hkth1d2hkth1d2 9 3.99617 27.698 10 3.89317 33.3271 4 
 bd4ed2ed2hkth1d2 9 3.54761 21.8566 10 4.16674 29.9017 4 
 hkth3d4hkth1d2hkth1d2hkth1d2 9 3.90688 28.0923 10 3.86357 32.0843 4 
 hkth3d4bd2ed2hkth1d2 11 3.92773 27.2211 11 3.85809 32.3126 4 
 ed4bd2bd2hkth1d2 10 3.5468 21.9094 10 3.90899 27.5666 4 
 ed4bd2ed2ed2 10 3.54356 23.1746 11 3.6935 27.8226 4 
 hkth1d4bd2bd2ed2 9 3.58775 27.6074 10 3.87297 31.5154 4 
 bd4ed2hkth1d2hkth1d2 10 3.54776 23.5009 11 4.13954 29.8014 4 
 hkth1d4bd2ed2ed2 10 3.58646 27.5889 10 3.6739 31.2066 4 
 bd4ed2ed2ed2 10 3.57925 23.1106 10 4.21392 30.1246 4 
 hkth2d4bd2ed2hkth1d2 10 3.86394 25.8997 10 3.67762 27.8711 4 
 hkth2d4bd2ed2ed2 9 3.85563 26.0237 11 3.654 27.7969 4 
 hkth1d4bd2bd2hkth1d2 10 3.58561 28.2086 10 3.87399 31.5574 4 
 hkth2d4bd2bd2ed2 9 3.84935 25.9509 11 3.86991 28.394 4 
 hkth3d4ed2ed2ed2 9 4.03118 27.648 10 3.84842 32.0914 4 
 hkth1d4ed2ed2ed2 10 3.58656 27.5774 9 3.7126 31.0734 4 
 hkth2d4ed2hkth1d2hkth1d2 10 3.75594 26.6517 10 3.66868 27.2369 4 
 bd4bd2ed2ed2 9 4.90151 23.1089 10 4.33231 29.4786 4 
 bd4hkth1d2hkth1d2hkth1d2 9 3.55942 22.1137 10 4.16194 29.9274 4 
 bd4bd2bd2bd2 9 3.54882 23.0654 9 4.67855 31.098 4 
 ed4ed2hkth1d2hkth1d2 9 3.54376 23.5049 9 3.73434 27.382 4 
 