bd6hkth1d2hkth1d2 8 3.8266 27.084 9 4.5863 29.3897 3 
 bd2hkth2d4hkth3d4 9 3.99413 26.9157 10 3.87926 26.0383 3 
 hkth3d6ed2hkth1d2 8 3.86982 26.3034 9 3.78649 32.772 3 
 hkth1d2bd4ed4 9 3.85572 25.9231 11 3.91125 26.9554 3 
 hkth1d2ed4hkth2d4 8 3.57716 23.12 9 3.57011 22.4269 3 
 ed2hkth3d4hkth3d4 9 4.01876 27.392 10 3.78794 28.5151 3 
 hkth4d6bd2ed2 8 3.97669 26.7529 8 3.86663 33.4306 3 
 hkth5d6bd2hkth1d2 9 4.12527 30.7774 11 4.30045 41.8183 3 
 ed2bd4ed4 10 3.8686 25.8971 10 3.90918 27.666 3 
 hkth1d6ed2hkth1d2 7 3.6739 34.588 8 3.84085 37.4214 3 
 hkth2d6bd2bd2 8 3.69053 27.8117 9 3.8499 30.554 3 
 ed2hkth1d4hkth1d4 8 3.55607 26.7377 10 3.51969 27.0066 3 
 hkth3d6ed2ed2 8 3.90409 26.3151 9 3.72718 33.064 3 
 hkth2d6ed2ed2 8 3.69182 27.8471 9 3.52396 29.0146 3 
 bd2bd4hkth2d4 8 3.63805 25.9409 10 4.35866 27.2063 3 
 hkth2d6ed2hkth1d2 8 3.70753 28.026 9 3.592 29.1791 3 
 bd2bd4ed4 9 3.86973 25.8509 10 4.18509 26.6834 3 
 hkth5d6bd2bd2 8 4.13762 31.208 10 4.59728 41.6966 3 
 ed2bd4hkth2d4 10 3.63953 25.9423 10 4.18043 28.5434 3 
 bd6bd2hkth1d2 8 3.78375 26.6914 9 4.8456 30.83 3 
 hkth1d2hkth3d4hkth3d4 9 4.10634 27.162 10 3.71135 28.416 3 
 bd2bd4hkth3d4 9 3.91926 25.8443 10 4.42559 27.248 3 
 bd2hkth1d4hkth3d4 8 3.91635 26.5514 9 3.84709 26.8629 3 
 hkth1d2hkth2d4hkth2d4 9 3.81961 26.4291 9 3.54574 25.3594 3 
 ed2bd4hkth1d4 9 3.54637 25.0191 9 4.0283 26.7157 3 
 hkth3d6bd2ed2 9 3.90577 26.3146 9 3.82704 32.6934 3 
 hkth1d2bd4hkth2d4 9 3.67572 26.0009 10 4.18672 28.4909 3 
 ed2hkth1d4hkth2d4 9 3.70602 25.8477 9 3.48866 26.4457 3 
 bd2ed4hkth3d4 8 3.71288 23.7654 9 3.86964 25.6511 3 
 hkth1d2ed4hkth1d4 9 3.54208 25.0589 9 3.53145 24.104 3 
 ed2ed4ed4 9 3.7902 26.5866 10 3.46535 23.6549 3 
 hkth1d6bd2hkth1d2 8 3.67333 34.7243 8 3.84449 37.9611 3 
 hkth1d6hkth1d2hkth1d2 8 3.6734 34.5877 8 3.87953 37.428 3 
 hkth1d2bd4hkth1d4 8 3.54304 25.0274 9 4.03441 26.982 3 
 hkth1d2bd4hkth3d4 9 4.01175 25.8923 10 4.18394 27.6183 3 
 hkth1d2hkth2d4hkth3d4 9 4.06459 26.758 11 3.63127 25.038 3 
 hkth4d6ed2ed2 9 3.97972 26.7497 9 3.84866 33.7843 3 
 bd2bd4bd4 9 4.16334 30.9717 10 4.47098 27.1386 3 
 hkth4d6bd2hkth1d2 8 3.95331 26.8869 9 4.00015 34.2751 3 
 bd2ed4hkth1d4 9 3.54836 25.0597 9 3.65149 24.5129 3 
 ed2hkth1d4hkth3d4 9 3.92114 26.6171 10 3.59006 26.7763 3 
 hkth5d6ed2ed2 8 4.13369 31.2189 9 4.13226 41.6283 3 
 hkth4d6bd2bd2 8 3.97711 26.754 9 4.26375 34.1006 3 
 ed2bd4bd4 9 4.17225 31.0554 10 4.3258 26.326 3 
 ed2ed4hkth3d4 8 3.7085 23.72 9 3.63021 25.778 3 
 hkth2d6hkth1d2hkth1d2 8 3.69737 27.7226 9 3.58696 29.1689 3 
 ed2ed4hkth2d4 8 3.57573 23.118 10 3.55751 22.6189 3 
 hkth3d6bd2bd2 8 3.90268 26.3143 9 4.0938 33.5826 3 
 hkth3d6bd2hkth1d2 8 3.87387 26.3403 8 3.85125 33.4954 3 
 bd2ed4hkth2d4 9 3.58106 23.1357 10 3.85006 23.3317 3 
 ed6bd2hkth1d2 8 3.55585 25.0694 9 3.60031 24.7106 3 
 ed2bd4hkth3d4 10 3.92001 25.8451 10 4.18161 27.7217 3 
 bd6bd2ed2 9 3.82645 26.5317 9 4.70109 30.9634 3 
 bd2bd4hkth1d4 9 3.55072 25.0269 9 4.27094 25.9534 3 
 bd2hkth1d4hkth1d4 8 3.56126 26.746 9 3.68775 26.1583 3 
 hkth2d6bd2hkth1d2 8 3.70833 27.8729 8 3.65503 29.4874 3 
 ed6hkth1d2hkth1d2 8 3.55676 25.4623 9 3.50646 23.8263 3 
 bd2ed4ed4 10 3.80177 26.4574 9 3.62366 24.3706 3 
 ed6ed2hkth1d2 9 3.59355 25.0694 9 3.53443 23.7437 3 
 hkth1d6bd2bd2 8 3.67734 34.6823 9 3.8679 37.9003 3 
 hkth1d2ed4hkth3d4 9 3.73692 23.8014 10 3.66635 25.276 3 
 hkth4d6ed2hkth1d2 8 3.93455 26.904 9 3.86128 33.2189 3 
 hkth3d6hkth1d2hkth1d2 8 3.88822 26.318 8 3.82598 32.9789 3 
 hkth1d2bd4bd4 9 4.18877 30.91 9 4.34835 26.2369 3 
 hkth5d6ed2hkth1d2 8 4.12652 30.7989 9 4.12179 42.1223 3 
 ed6bd2bd2 8 3.6097 25.5877 8 3.84686 25.5811 3 
 bd2hkth2d4hkth2d4 9 3.87002 26.4403 9 3.69492 25.5226 3 
 hkth4d6hkth1d2hkth1d2 8 3.87952 26.8374 9 3.8922 33.7589 3 
 hkth1d6ed2ed2 7 3.69325 34.6989 8 3.74136 37.7049 3 
 ed2hkth2d4hkth3d4 9 3.98929 26.9843 10 3.60209 24.9269 3 
 hkth5d6bd2ed2 8 4.13384 31.0651 10 4.25572 40.698 3 
 bd6bd2bd2 7 3.82729 26.6494 9 4.84393 31.1783 3 
 hkth1d2hkth1d4hkth1d4 9 4.91316 26.7331 9 3.5174 27.0394 3 
 ed2hkth2d4hkth2d4 10 3.86342 26.4263 10 3.49314 24.9917 3 
 ed2ed4hkth1d4 8 3.54317 25.0289 10 3.53497 24.2109 3 
 bd6ed2hkth1d2 9 3.78543 26.6671 10 4.52688 29.9666 3 
 bd2hkth3d4hkth3d4 9 4.02325 27.2783 11 3.93559 28.6574 3 
 hkth1d2ed4ed4 10 3.81394 26.5683 9 3.48969 23.2889 3 
 ed6ed2ed2 9 3.54321 25.5909 9 3.4602 23.7989 3 
 hkth5d6hkth1d2hkth1d2 7 4.00686 30.5383 9 4.25364 42.2529 3 
 hkth1d2hkth1d4hkth2d4 9 5.07879 25.8577 11 3.50073 26.4491 3 
 hkth1d2hkth1d4hkth3d4 9 5.34543 26.0051 10 3.60848 27.2503 3 
 bd2hkth1d4hkth2d4 9 3.71251 25.8534 9 3.63605 26.484 3 
 hkth1d6bd2ed2 8 3.67815 34.7023 9 3.83225 37.5466 3 
 hkth2d6bd2ed2 8 3.69 27.7974 8 3.63269 29.7797 3 
 bd6ed2ed2 9 3.83795 26.6643 9 4.54564 30.1049 3 
 ed6bd2ed2 8 3.54596 25.576 9 3.54216 24.8709 3 
 