bd2bd2bd2ed2ed2 8 3.69951 21.8074 9 4.1761 29.1049 5 
 ed2hkth1d2hkth1d2hkth1d2hkth1d2 8 3.58283 21.4817 8 3.83676 25.7946 5 
 bd2ed2ed2ed2ed2 9 3.70492 21.816 10 3.87644 28.7197 5 
 bd2ed2hkth1d2hkth1d2hkth1d2 9 4.69871 21.6466 9 3.84122 26.8194 5 
 bd2bd2bd2bd2hkth1d2 9 3.64166 21.4623 9 4.49323 30.746 5 
 ed2ed2hkth1d2hkth1d2hkth1d2 8 3.61095 21.644 10 3.76868 25.3503 5 
 bd2bd2bd2ed2hkth1d2 10 3.635 21.4643 8 4.17417 29.5809 5 
 bd2hkth1d2hkth1d2hkth1d2hkth1d2 7 3.5847 21.4794 9 3.87384 28.1726 5 
 bd2bd2hkth1d2hkth1d2hkth1d2 8 3.60381 21.6383 8 3.89691 26.9703 5 
 bd2ed2ed2hkth1d2hkth1d2 8 5.0544 21.6434 8 3.80166 28.2391 5 
 ed2ed2ed2ed2hkth1d2 9 3.6348 21.5054 9 3.67349 25.0054 5 
 bd2bd2ed2hkth1d2hkth1d2 8 3.65279 21.6449 9 3.89208 26.7994 5 
 bd2ed2ed2ed2hkth1d2 9 5.02981 21.4629 8 3.86956 28.5394 5 
 ed2ed2ed2hkth1d2hkth1d2 9 3.65225 21.7166 9 3.82679 25.4823 5 
 bd2bd2ed2ed2ed2 9 3.69943 21.8074 9 4.04312 28.666 5 
 bd2bd2bd2bd2bd2 8 3.69972 21.8009 9 4.48631 31.1003 5 
 hkth1d2hkth1d2hkth1d2hkth1d2hkth1d2 8 3.61743 21.4803 8 3.7336 24.4829 5 
 bd2bd2ed2ed2hkth1d2 8 3.63474 21.4666 9 3.94384 28.8223 5 
 bd2bd2bd2bd2ed2 10 3.70042 21.8094 8 4.39607 30.6206 5 
 ed2ed2ed2ed2ed2 9 3.70124 21.8211 9 3.72924 25.0823 5 
 bd2bd2bd2hkth1d2hkth1d2 9 3.65239 21.6463 8 4.23841 27.2331 5 
 