hkth7d10 2 4.4734 35.4014 5 4.55973 47.45 1 
 hkth8d10 2 5.82961 29.2843 4 4.75468 49.4031 1 
 hkth2d10 2 3.68535 33.9969 3 3.55354 33.0214 1 
 hkth4d10 2 3.93207 30.3354 4 3.65275 31.8123 1 
 hkth6d10 2 4.16106 32.3234 4 4.07093 39.3006 1 
 hkth3d10 2 3.82562 30.282 3 3.53646 31.5414 1 
 hkth5d10 2 4.17015 31.228 4 3.90962 39.0651 1 
 bd10 2 4.10616 28.0823 4 5.66033 30.7814 1 
 hkth9d10 3 4.33348 31.0103 4 5.22396 57.2186 1 
 hkth1d10 2 4.19363 50.0023 3 4.09663 50.0131 1 
 ed10 2 3.74523 32.3363 4 3.40953 22.65 1 
 