bd2bd4bd4 10 3.78606 39.1983 10 3.91742 39.1623  3
bd2bd4ed4 11 3.42687 33.1923 10 3.40213 33.6197  3
bd2bd4hkth1d4 9 3.13223 27.3449 10 3.00722 27.1794  3
bd2bd4hkth2d4 8 3.24494 33.0434 10 2.97806 26.4629  3
bd2bd4hkth3d4 9 3.4915 33.0734 10 3.28307 34.0429  3
bd2ed4ed4 10 3.42238 34.1634 10 3.12145 27.3954  3
bd2ed4hkth1d4 8 3.13423 27.39 9 3.06478 31.1329  3
bd2ed4hkth2d4 10 3.19368 28.0466 9 3.06594 30.1086  3
bd2ed4hkth3d4 10 3.30831 28.7066 10 3.22528 35.4143  3
bd2hkth1d4hkth1d4 9 3.14729 30.832 9 3.07305 31.0109  3
bd2hkth1d4hkth2d4 9 3.29722 33.1091 11 3.09051 31.276  3
bd2hkth1d4hkth3d4 10 3.54456 33.3746 9 3.19584 35.3026  3
bd2hkth2d4hkth2d4 9 3.44184 34.1383 9 3.06065 31.1654  3
bd2hkth2d4hkth3d4 8 3.56728 33.2557 10 3.1788 35.1349  3
bd2hkth3d4hkth3d4 9 3.65194 34.726 10 3.25651 36.7706  3
bd6bd2bd2 8 3.37142 33.2183 8 3.15466 29.1397  3
bd6bd2ed2 7 3.3718 33.2191 8 3.39528 34.4351  3
bd6bd2hkth1d2 8 3.35712 33.2509 8 3.39225 34.2251  3
bd6ed2ed2 8 3.37241 33.2189 9 3.1782 30.2106  3
bd6ed2hkth1d2 8 3.35628 33.2457 9 3.16613 30.164  3
bd6hkth1d2hkth1d2 7 3.38763 33.1226 8 3.29106 34.4434  3
ed2bd4bd4 9 3.78784 39.1549 10 3.50137 39.2017  3
ed2bd4ed4 10 3.42877 33.1883 11 3.28745 28.8549  3
ed2bd4hkth1d4 9 3.1339 27.3346 9 3.07912 30.8837  3
ed2bd4hkth2d4 9 3.24647 33.0489 10 2.99831 30.0509  3
ed2bd4hkth3d4 9 3.48908 33.098 10 3.23171 35.196  3
ed2ed4ed4 10 3.41791 34.0849 10 3.12409 27.3934  3
ed2ed4hkth1d4 9 3.1322 27.342 9 3.09529 31.0611  3
ed2ed4hkth2d4 8 3.195 28.0091 10 3.05817 30.1083  3
ed2ed4hkth3d4 9 3.30855 28.6214 10 3.22481 35.4203  3
ed2hkth1d4hkth1d4 8 3.14485 30.816 9 3.07235 30.8237  3
ed2hkth1d4hkth2d4 9 3.2967 33.0966 10 3.0684 31.366  3
ed2hkth1d4hkth3d4 9 3.54573 33.4063 10 3.19668 35.2611  3
ed2hkth2d4hkth2d4 9 3.44331 34.1249 10 3.06685 31.1054  3
ed2hkth2d4hkth3d4 10 3.56859 33.3306 10 3.20259 35.1414  3
ed2hkth3d4hkth3d4 8 3.6544 34.3711 10 3.22684 36.356  3
ed6bd2bd2 9 3.13197 26.5977 8 3.06935 22.8786  3
ed6bd2ed2 8 3.13074 26.558 9 3.01292 27.2877  3
ed6bd2hkth1d2 9 3.13301 26.4303 8 3.01501 27.7874  3
ed6ed2ed2 8 3.13089 26.3951 9 2.94992 23.2003  3
ed6ed2hkth1d2 8 3.13356 26.3717 8 2.94548 22.8749  3
ed6hkth1d2hkth1d2 8 3.13234 26.6354 9 2.97313 22.9911  3
hkth1d2bd4bd4 8 3.7564 39.1403 11 3.4879 39.1483  3
hkth1d2bd4ed4 10 3.41637 33.1757 10 3.2177 28.7494  3
hkth1d2bd4hkth1d4 8 3.13421 27.34 9 3.05331 30.77  3
hkth1d2bd4hkth2d4 10 3.30619 33.0303 9 3.02991 30.0606  3
hkth1d2bd4hkth3d4 8 3.48047 33.1089 10 3.26425 35.286  3
hkth1d2ed4ed4 9 3.47295 34.0749 10 3.13508 27.3391  3
hkth1d2ed4hkth1d4 9 3.13311 27.3063 10 3.10013 30.7494  3
hkth1d2ed4hkth2d4 8 3.18797 28.0077 9 3.08431 30.0891  3
hkth1d2ed4hkth3d4 9 3.30032 28.696 10 3.22055 35.3854  3
hkth1d2hkth1d4hkth1d4 9 3.14522 30.8266 9 3.06618 31.092  3
hkth1d2hkth1d4hkth2d4 8 3.33354 33.0703 10 3.13154 31.5663  3
hkth1d2hkth1d4hkth3d4 9 3.42043 33.2957 10 3.2248 35.2471  3
hkth1d2hkth2d4hkth2d4 10 3.4875 34.2017 11 3.15807 31.1857  3
hkth1d2hkth2d4hkth3d4 9 3.57152 33.3517 10 3.21126 35.2489  3
hkth1d2hkth3d4hkth3d4 8 3.64857 34.9791 10 3.25153 36.352  3
hkth1d6bd2bd2 8 3.19316 35.8483 9 3.19499 35.9254  3
hkth1d6bd2ed2 8 3.20585 35.9109 8 3.33414 40.804  3
hkth1d6bd2hkth1d2 8 3.13363 35.0166 8 3.32194 40.7783  3
hkth1d6ed2ed2 8 3.19271 35.9023 8 3.23435 36.7326  3
hkth1d6ed2hkth1d2 8 3.13166 35.024 9 3.21386 36.7826  3
hkth1d6hkth1d2hkth1d2 8 3.15091 35.0183 8 3.1903 36.1443  3
hkth2d6bd2bd2 8 3.2663 33.0066 8 3.05254 30.052  3
hkth2d6bd2ed2 8 3.26769 33.0069 9 3.14663 35.1157  3
hkth2d6bd2hkth1d2 7 3.25732 33.0086 9 3.12884 35.0411  3
hkth2d6ed2ed2 9 3.26706 33.0057 9 3.06214 30.136  3
hkth2d6ed2hkth1d2 8 3.25653 33.0051 9 3.0588 30.34  3
hkth2d6hkth1d2hkth1d2 8 3.26615 33.0177 8 3.04922 30.178  3
hkth3d6bd2bd2 7 3.50083 33.1046 9 3.24328 35.0254  3
hkth3d6bd2ed2 8 3.50144 33.108 9 3.30442 40.1143  3
hkth3d6bd2hkth1d2 9 3.50999 33.1251 9 3.26154 40.0969  3
hkth3d6ed2ed2 8 3.50115 33.0877 8 3.18235 35.02  3
hkth3d6ed2hkth1d2 8 3.51127 33.1129 8 3.17317 35.0423  3
hkth3d6hkth1d2hkth1d2 8 3.53108 33.1086 8 3.32966 35.0277  3
hkth4d6bd2bd2 8 3.37384 33.0266 9 3.24967 35.1466  3
hkth4d6bd2ed2 8 3.37359 33.0286 9 3.43129 40.8714  3
hkth4d6bd2hkth1d2 8 3.37357 33.0354 9 3.40467 40.7726  3
hkth4d6ed2ed2 7 3.38059 33.0483 9 3.37843 35.7637  3
hkth4d6ed2hkth1d2 8 3.37769 33.0343 8 3.3037 35.2571  3
hkth4d6hkth1d2hkth1d2 9 3.38833 33.0997 8 3.36375 35.6343  3
hkth5d6bd2bd2 8 3.66211 38.7829 9 3.49743 45.1194  3
hkth5d6bd2ed2 8 3.77926 38.7897 9 3.6383 50.31  3
hkth5d6bd2hkth1d2 8 3.67188 38.8254 10 3.60958 50.27  3
hkth5d6ed2ed2 8 3.64961 38.7923 9 3.46297 45.184  3
hkth5d6ed2hkth1d2 8 3.67287 38.8177 9 3.47536 45.9329  3
hkth5d6hkth1d2hkth1d2 8 3.66816 38.7026 9 3.54566 45.5371  3
