bd4bd2bd2bd2 9 3.13307 26.0666 10 3.12187 26.0789  4
bd4bd2bd2ed2 10 3.13013 26.0634 9 3.06501 27.3163  4
bd4bd2bd2hkth1d2 9 3.13057 26.0726 11 3.01372 27.3371  4
bd4bd2ed2ed2 9 3.13592 26.0629 11 3.04134 26.9563  4
bd4bd2ed2hkth1d2 9 3.13224 26.0769 10 3.01693 26.7614  4
bd4bd2hkth1d2hkth1d2 10 3.13418 26.1191 10 3.04731 26.6303  4
bd4ed2ed2ed2 9 3.13246 26.0786 10 3.02823 27.1749  4
bd4ed2ed2hkth1d2 9 3.12993 26.0791 10 3.02813 27.7363  4
bd4ed2hkth1d2hkth1d2 9 3.13383 26.1234 11 3.02944 27.1843  4
bd4hkth1d2hkth1d2hkth1d2 9 3.13615 26.1437 10 3.08212 27.4694  4
ed4bd2bd2bd2 10 3.13301 26.0863 11 3.21866 26.2711  4
ed4bd2bd2ed2 9 3.13234 26.0871 10 3.04912 26.9757  4
ed4bd2bd2hkth1d2 9 3.13038 26.1174 11 3.06741 26.7166  4
ed4bd2ed2ed2 10 3.13082 26.1951 10 3.07258 27.3189  4
ed4bd2ed2hkth1d2 10 3.13519 26.1823 10 3.06376 27.5146  4
ed4bd2hkth1d2hkth1d2 10 3.13351 26.1317 9 3.0675 27.0909  4
ed4ed2ed2ed2 9 3.14487 26.0854 10 3.08234 27.8734  4
ed4ed2ed2hkth1d2 9 3.13356 26.1166 10 3.07398 27.7389  4
ed4ed2hkth1d2hkth1d2 10 3.13261 26.1526 10 3.05751 27.9911  4
ed4hkth1d2hkth1d2hkth1d2 10 3.13457 26.1423 10 3.09568 27.798  4
hkth1d4bd2bd2bd2 10 3.16722 30.68 10 3.09561 30.712  4
hkth1d4bd2bd2ed2 10 3.14976 30.6829 10 3.18137 30.8809  4
hkth1d4bd2bd2hkth1d2 9 3.14362 30.6366 9 3.10585 31.412  4
hkth1d4bd2ed2ed2 9 3.16051 30.65 10 3.09876 30.8217  4
hkth1d4bd2ed2hkth1d2 9 3.14421 30.6894 10 3.11897 31.3637  4
hkth1d4bd2hkth1d2hkth1d2 9 3.1299 30.008 10 3.07355 31.3031  4
hkth1d4ed2ed2ed2 10 3.16004 30.622 10 3.15995 32.0431  4
hkth1d4ed2ed2hkth1d2 9 3.14426 30.6417 10 3.15294 32.1889  4
hkth1d4ed2hkth1d2hkth1d2 9 3.13106 30.0143 9 3.17255 32.0894  4
hkth1d4hkth1d2hkth1d2hkth1d2 9 3.13635 30.0143 10 3.10882 31.9263  4
hkth2d4bd2bd2bd2 9 3.35769 33.1074 10 3.07574 30.0263  4
hkth2d4bd2bd2ed2 10 3.34848 33.1057 10 3.0509 30.1577  4
hkth2d4bd2bd2hkth1d2 9 3.35816 33.1094 10 3.05405 30.1169  4
hkth2d4bd2ed2ed2 10 3.34925 33.1031 11 3.07747 30.0214  4
hkth2d4bd2ed2hkth1d2 9 3.33964 33.1111 11 3.08517 30.1097  4
hkth2d4bd2hkth1d2hkth1d2 9 3.38386 33.1194 10 3.07286 30.0237  4
hkth2d4ed2ed2ed2 10 3.3473 33.1409 11 3.08814 30.4251  4
hkth2d4ed2ed2hkth1d2 9 3.34014 33.112 10 3.12167 30.5734  4
hkth2d4ed2hkth1d2hkth1d2 10 3.38137 33.0937 10 3.1008 30.9837  4
hkth2d4hkth1d2hkth1d2hkth1d2 10 3.40874 33.1346 9 3.20495 31.3671  4
hkth3d4bd2bd2bd2 10 3.54031 33.2446 10 3.22762 35.1774  4
hkth3d4bd2bd2ed2 9 3.54036 33.358 11 3.34142 35.8686  4
hkth3d4bd2bd2hkth1d2 10 3.5385 33.3697 10 3.23798 35.3477  4
hkth3d4bd2ed2ed2 10 3.53875 33.2566 10 3.20303 35.3351  4
hkth3d4bd2ed2hkth1d2 9 3.52216 33.2551 10 3.21919 35.5646  4
hkth3d4bd2hkth1d2hkth1d2 10 3.5684 33.3706 10 3.20868 35.5346  4
hkth3d4ed2ed2ed2 10 3.54046 33.2711 10 3.22071 35.2966  4
hkth3d4ed2ed2hkth1d2 9 3.52769 33.3757 10 3.21721 35.4197  4
hkth3d4ed2hkth1d2hkth1d2 9 3.56796 33.368 10 3.19284 35.2351  4
hkth3d4hkth1d2hkth1d2hkth1d2 10 3.47845 33.3631 10 3.25681 35.9349  4
