bd2bd2bd2bd2bd2 9 3.20955 27.7786 9 3.10455 27.7286  5
bd2bd2bd2bd2ed2 9 3.20986 27.762 10 3.11344 28.1251  5
bd2bd2bd2bd2hkth1d2 9 3.17057 27.5231 9 3.0685 27.9851  5
bd2bd2bd2ed2ed2 9 3.21138 27.7583 10 3.10836 27.6474  5
bd2bd2bd2ed2hkth1d2 9 3.16959 27.5263 10 3.07831 27.738  5
bd2bd2bd2hkth1d2hkth1d2 8 3.17664 27.5871 9 3.07657 27.6606  5
bd2bd2ed2ed2ed2 8 3.20879 27.7046 9 3.0914 28.122  5
bd2bd2ed2ed2hkth1d2 8 3.18557 27.4983 8 3.09545 28.0694  5
bd2bd2ed2hkth1d2hkth1d2 8 3.19611 27.5937 9 3.20133 28.04  5
bd2bd2hkth1d2hkth1d2hkth1d2 8 3.18255 27.5414 9 3.14032 28.2009  5
bd2ed2ed2ed2ed2 8 3.23005 27.7506 9 3.08637 27.6723  5
bd2ed2ed2ed2hkth1d2 9 3.1896 27.5217 9 3.06904 27.7366  5
bd2ed2ed2hkth1d2hkth1d2 8 3.19627 27.6169 9 3.0599 27.6611  5
bd2ed2hkth1d2hkth1d2hkth1d2 7 3.18197 27.5403 9 3.04913 27.4291  5
bd2hkth1d2hkth1d2hkth1d2hkth1d2 9 3.16443 27.338 9 3.07941 27.1651  5
ed2ed2ed2ed2ed2 8 3.22761 27.7583 9 3.10073 27.9014  5
ed2ed2ed2ed2hkth1d2 9 3.1892 27.4929 10 3.06234 27.574  5
ed2ed2ed2hkth1d2hkth1d2 8 3.19498 27.5789 9 3.06595 27.526  5
ed2ed2hkth1d2hkth1d2hkth1d2 8 3.1826 27.5391 9 3.08966 27.7683  5
ed2hkth1d2hkth1d2hkth1d2hkth1d2 8 3.16468 27.2886 9 3.13129 27.3134  5
hkth1d2hkth1d2hkth1d2hkth1d2hkth1d2 9 3.16234 27.328 8 3.07592 27.0269  5
