hkth8d10 2 3.6516 36.7374 4 3.90249 55.4377  1
hkth5d6bd4 7 3.90509 35.1571 9 3.59817 45.3343  2
hkth1d8hkth1d2 7 3.4887 45.0406 8 3.47493 45.7789  2
hkth5d6hkth2d4 8 3.70893 39.0529 9 3.57601 45.54  2
ed4ed2ed2ed2 9 3.14487 26.0854 10 3.08234 27.8734  4
ed6ed4 8 3.27592 29.1977 8 2.98468 23.0434  2
ed2ed4hkth3d4 9 3.30855 28.6214 10 3.22481 35.4203  3
hkth5d6bd2ed2 8 3.77926 38.7897 9 3.6383 50.31  3
hkth5d8hkth1d2 7 3.74359 43.274 9 3.5519 45.392  2
hkth2d4hkth1d2hkth1d2hkth1d2 10 3.40874 33.1346 9 3.20495 31.3671  4
bd2ed4hkth3d4 10 3.30831 28.7066 10 3.22528 35.4143  3
hkth3d8bd2 7 3.54514 37.9974 8 3.22385 35.814  2
bd4bd2ed2hkth1d2 9 3.13224 26.0769 10 3.01693 26.7614  4
hkth3d6bd2bd2 7 3.50083 33.1046 9 3.24328 35.0254  3
bd6bd2bd2 8 3.37142 33.2183 8 3.15466 29.1397  3
bd2bd2bd2bd2ed2 9 3.20986 27.762 10 3.11344 28.1251  5
hkth1d4ed2ed2ed2 10 3.16004 30.622 10 3.15995 32.0431  4
hkth5d6ed2ed2 8 3.64961 38.7923 9 3.46297 45.184  3
bd2hkth3d4hkth3d4 9 3.65194 34.726 10 3.25651 36.7706  3
bd2bd2bd2bd2hkth1d2 9 3.17057 27.5231 9 3.0685 27.9851  5
hkth2d6bd2bd2 8 3.2663 33.0066 8 3.05254 30.052  3
hkth1d4bd2ed2ed2 9 3.16051 30.65 10 3.09876 30.8217  4
bd2bd4ed4 11 3.42687 33.1923 10 3.40213 33.6197  3
hkth2d6hkth1d2hkth1d2 8 3.26615 33.0177 8 3.04922 30.178  3
bd2bd2hkth1d2hkth1d2hkth1d2 8 3.18255 27.5414 9 3.14032 28.2009  5
hkth2d4ed2ed2hkth1d2 9 3.34014 33.112 10 3.12167 30.5734  4
ed8ed2 7 3.54394 41.0671 8 3.12932 28.0711  2
hkth5d6bd2hkth1d2 8 3.67188 38.8254 10 3.60958 50.27  3
bd2bd2bd2ed2ed2 9 3.21138 27.7583 10 3.10836 27.6474  5
hkth2d6bd2hkth1d2 7 3.25732 33.0086 9 3.12884 35.0411  3
bd8hkth1d2 8 3.5731 38.1226 8 3.38127 33.342  2
bd2ed4hkth2d4 10 3.19368 28.0466 9 3.06594 30.1086  3
hkth5d8ed2 7 3.76002 43.3406 9 3.58672 45.8163  2
hkth3d6ed2hkth1d2 8 3.51127 33.1129 8 3.17317 35.0423  3
hkth3d6ed2ed2 8 3.50115 33.0877 8 3.18235 35.02  3
ed2bd4bd4 9 3.78784 39.1549 10 3.50137 39.2017  3
ed4bd2ed2ed2 10 3.13082 26.1951 10 3.07258 27.3189  4
hkth5d6hkth1d2hkth1d2 8 3.66816 38.7026 9 3.54566 45.5371  3
hkth3d4bd2bd2ed2 9 3.54036 33.358 11 3.34142 35.8686  4
hkth4d10 2 3.61386 36.364 4 3.20781 35.9014  1
hkth6d8hkth1d2 7 3.90717 39.1454 8 3.76381 50.4869  2
hkth3d6hkth1d2hkth1d2 8 3.53108 33.1086 8 3.32966 35.0277  3
hkth2d4bd2bd2hkth1d2 9 3.35816 33.1094 10 3.05405 30.1169  4
hkth1d6hkth2d4 7 3.25978 35.9483 8 3.20901 36.2486  2
hkth2d4bd2bd2ed2 10 3.34848 33.1057 10 3.0509 30.1577  4
ed2ed2ed2hkth1d2hkth1d2 8 3.19498 27.5789 9 3.06595 27.526  5
ed6hkth1d2hkth1d2 8 3.13234 26.6354 9 2.97313 22.9911  3
hkth7d10 2 4.15326 43.0206 4 3.91337 55.3346  1
hkth3d4bd2bd2hkth1d2 10 3.5385 33.3697 10 3.23798 35.3477  4
bd2hkth2d4hkth2d4 9 3.44184 34.1383 9 3.06065 31.1654  3
hkth1d2bd4ed4 10 3.41637 33.1757 10 3.2177 28.7494  3
hkth4d6bd4 8 3.87384 36.6077 9 3.36295 35.3369  2
hkth6d8ed2 8 3.8736 39.1643 9 3.62262 50.3377  2
bd2bd2bd2bd2bd2 9 3.20955 27.7786 9 3.10455 27.7286  5
bd2bd4hkth3d4 9 3.4915 33.0734 10 3.28307 34.0429  3
ed6bd2bd2 9 3.13197 26.5977 8 3.06935 22.8786  3
ed2ed4ed4 10 3.41791 34.0849 10 3.12409 27.3934  3
hkth4d6bd2ed2 8 3.37359 33.0286 9 3.43129 40.8714  3
hkth4d6ed4 8 3.42619 33.142 9 3.29101 35.24  2
ed6ed2hkth1d2 8 3.13356 26.3717 8 2.94548 22.8749  3
hkth3d10 2 3.38796 34.4471 3 3.25393 35.5574  1
hkth1d4bd2bd2bd2 10 3.16722 30.68 10 3.09561 30.712  4
hkth2d6bd2ed2 8 3.26769 33.0069 9 3.14663 35.1157  3
ed4ed2ed2hkth1d2 9 3.13356 26.1166 10 3.07398 27.7389  4
hkth1d8ed2 7 3.50151 45.0343 8 3.44238 45.846  2
bd2bd2ed2hkth1d2hkth1d2 8 3.19611 27.5937 9 3.20133 28.04  5
bd4hkth1d2hkth1d2hkth1d2 9 3.13615 26.1437 10 3.08212 27.4694  4
hkth9d10 2 3.93267 38.6469 4 4.35425 65.4411  1
bd4bd2hkth1d2hkth1d2 10 3.13418 26.1191 10 3.04731 26.6303  4
hkth1d6bd4 8 3.13236 35.6811 8 3.14222 35.7574  2
bd2ed4ed4 10 3.42238 34.1634 10 3.12145 27.3954  3
ed6bd4 9 3.27987 29.4877 9 3.1137 28.936  2
hkth1d6bd2ed2 8 3.20585 35.9109 8 3.33414 40.804  3
ed4bd2ed2hkth1d2 10 3.13519 26.1823 10 3.06376 27.5146  4
ed2ed4hkth2d4 8 3.195 28.0091 10 3.05817 30.1083  3
bd6bd2hkth1d2 8 3.35712 33.2509 8 3.39225 34.2251  3
hkth1d10 2 3.59584 50.0111 3 3.5521 50.0363  1
bd4ed2hkth1d2hkth1d2 9 3.13383 26.1234 11 3.02944 27.1843  4
bd2hkth2d4hkth3d4 8 3.56728 33.2557 10 3.1788 35.1349  3
hkth3d4hkth1d2hkth1d2hkth1d2 10 3.47845 33.3631 10 3.25681 35.9349  4
ed4bd2bd2bd2 10 3.13301 26.0863 11 3.21866 26.2711  4
bd10 2 3.52006 34.2777 3 3.36396 32.1431  1
ed6hkth2d4 8 3.14395 28.4557 8 2.92923 25.0617  2
hkth1d2ed4hkth1d4 9 3.13311 27.3063 10 3.10013 30.7494  3
hkth1d2ed4hkth3d4 9 3.30032 28.696 10 3.22055 35.3854  3
ed8hkth1d2 7 3.53469 41.0949 8 3.03789 28.1186  2
bd2bd2bd2ed2hkth1d2 9 3.16959 27.5263 10 3.07831 27.738  5
hkth1d2ed4hkth2d4 8 3.18797 28.0077 9 3.08431 30.0891  3
bd4ed2ed2hkth1d2 9 3.12993 26.0791 10 3.02813 27.7363  4
hkth2d4ed2ed2ed2 10 3.3473 33.1409 11 3.08814 30.4251  4
hkth3d4ed2hkth1d2hkth1d2 9 3.56796 33.368 10 3.19284 35.2351  4
hkth2d4bd2bd2bd2 9 3.35769 33.1074 10 3.07574 30.0263  4
ed2ed2ed2ed2hkth1d2 9 3.1892 27.4929 10 3.06234 27.574  5
hkth3d6ed4 8 3.40181 33.0754 9 3.17156 35.0117  2
bd2hkth1d4hkth1d4 9 3.14729 30.832 9 3.07305 31.0109  3
hkth5d6hkth3d4 8 3.78468 38.832 9 3.51698 45.4029  2
hkth3d6bd4 8 3.56461 33.0849 9 3.3422 35.0166  2
ed2bd4hkth2d4 9 3.24647 33.0489 10 2.99831 30.0509  3
ed2hkth1d4hkth2d4 9 3.2967 33.0966 10 3.0684 31.366  3
hkth1d2ed4ed4 9 3.47295 34.0749 10 3.13508 27.3391  3
hkth1d4ed2hkth1d2hkth1d2 9 3.13106 30.0143 9 3.17255 32.0894  4
hkth1d2hkth2d4hkth2d4 10 3.4875 34.2017 11 3.15807 31.1857  3
hkth6d8bd2 7 3.87313 39.12 9 3.62974 50.3443  2
hkth1d2bd4hkth1d4 8 3.13421 27.34 9 3.05331 30.77  3
hkth1d2hkth2d4hkth3d4 9 3.57152 33.3517 10 3.21126 35.2489  3
bd6hkth1d4 7 3.3171 33.208 8 3.22964 34.0537  2
bd2hkth1d4hkth3d4 10 3.54456 33.3746 9 3.19584 35.3026  3
hkth4d6hkth1d2hkth1d2 9 3.38833 33.0997 8 3.36375 35.6343  3
ed2ed2hkth1d2hkth1d2hkth1d2 8 3.1826 27.5391 9 3.08966 27.7683  5
hkth1d4bd2hkth1d2hkth1d2 9 3.1299 30.008 10 3.07355 31.3031  4
hkth3d4bd2bd2bd2 10 3.54031 33.2446 10 3.22762 35.1774  4
hkth4d8ed2 7 3.38496 34.1226 8 3.26934 40.0143  2
ed6bd2ed2 8 3.13074 26.558 9 3.01292 27.2877  3
hkth5d6bd2bd2 8 3.66211 38.7829 9 3.49743 45.1194  3
hkth3d6hkth3d4 8 3.62549 33.012 8 3.24822 36.0309  2
hkth1d6hkth1d2hkth1d2 8 3.15091 35.0183 8 3.1903 36.1443  3
hkth1d4bd2bd2ed2 10 3.14976 30.6829 10 3.18137 30.8809  4
ed4bd2bd2ed2 9 3.13234 26.0871 10 3.04912 26.9757  4
hkth5d6hkth1d4 7 3.64008 38.7989 9 3.46697 45.9931  2
hkth1d4bd2ed2hkth1d2 9 3.14421 30.6894 10 3.11897 31.3637  4
hkth2d6bd4 7 3.14598 33.0146 8 3.0147 30.0423  2
hkth1d2hkth3d4hkth3d4 8 3.64857 34.9791 10 3.25153 36.352  3
hkth2d6hkth3d4 8 3.4396 33.0569 8 3.09935 31.228  2
hkth1d6ed2ed2 8 3.19271 35.9023 8 3.23435 36.7326  3
hkth4d6ed2hkth1d2 8 3.37769 33.0343 8 3.3037 35.2571  3
hkth7d8ed2 7 3.8007 39.4031 9 3.91906 60.2454  2
ed6hkth1d4 7 3.1334 27.5046 8 2.93396 25.7734  2
hkth4d8bd2 8 3.38474 34.1174 8 3.45128 40.0191  2
ed6ed2ed2 8 3.13089 26.3951 9 2.94992 23.2003  3
ed4bd2bd2hkth1d2 9 3.13038 26.1174 11 3.06741 26.7166  4
hkth2d8hkth1d2 8 3.45942 38.0137 7 3.10673 35.1569  2
hkth1d6hkth3d4 8 3.33199 35.7089 8 3.23845 36.2703  2
hkth3d6bd2hkth1d2 9 3.50999 33.1251 9 3.26154 40.0969  3
hkth3d4bd2ed2hkth1d2 9 3.52216 33.2551 10 3.21919 35.5646  4
hkth2d6ed2hkth1d2 8 3.25653 33.0051 9 3.0588 30.34  3
bd2bd2ed2ed2ed2 8 3.20879 27.7046 9 3.0914 28.122  5
hkth1d6hkth1d4 8 3.12739 35.0354 8 3.18791 36.0054  2
bd2bd2bd2hkth1d2hkth1d2 8 3.17664 27.5871 9 3.07657 27.6606  5
hkth1d2hkth1d4hkth3d4 9 3.42043 33.2957 10 3.2248 35.2471  3
hkth1d2bd4bd4 8 3.7564 39.1403 11 3.4879 39.1483  3
hkth4d8hkth1d2 8 3.50452 34.222 8 3.4574 40.0163  2
hkth1d6ed2hkth1d2 8 3.13166 35.024 9 3.21386 36.7826  3
ed2bd4ed4 10 3.42877 33.1883 11 3.28745 28.8549  3
bd2ed2ed2ed2hkth1d2 9 3.1896 27.5217 9 3.06904 27.7366  5
hkth2d6ed4 8 3.16609 33.0289 9 3.04379 30.6617  2
hkth5d6ed2hkth1d2 8 3.67287 38.8177 9 3.47536 45.9329  3
bd2ed2ed2hkth1d2hkth1d2 8 3.19627 27.6169 9 3.0599 27.6611  5
bd4bd2bd2bd2 9 3.13307 26.0666 10 3.12187 26.0789  4
hkth1d6bd2bd2 8 3.19316 35.8483 9 3.19499 35.9254  3
hkth4d6hkth3d4 9 3.86679 36.1566 9 3.25692 36.2089  2
hkth3d6bd2ed2 8 3.50144 33.108 9 3.30442 40.1143  3
hkth1d2hkth1d4hkth1d4 9 3.14522 30.8266 9 3.06618 31.092  3
hkth4d6hkth2d4 8 3.42314 33.0294 9 3.23456 36.2594  2
bd6bd2ed2 7 3.3718 33.2191 8 3.39528 34.4351  3
hkth3d8hkth1d2 8 3.46411 38.0034 8 3.17745 35.6003  2
ed4hkth1d2hkth1d2hkth1d2 10 3.13457 26.1423 10 3.09568 27.798  4
ed2bd4hkth1d4 9 3.1339 27.3346 9 3.07912 30.8837  3
bd2bd4hkth2d4 8 3.24494 33.0434 10 2.97806 26.4629  3
hkth2d4bd2ed2hkth1d2 9 3.33964 33.1111 11 3.08517 30.1097  4
hkth1d4hkth1d2hkth1d2hkth1d2 9 3.13635 30.0143 10 3.10882 31.9263  4
ed2hkth1d4hkth3d4 9 3.54573 33.4063 10 3.19668 35.2611  3
bd4bd2bd2hkth1d2 9 3.13057 26.0726 11 3.01372 27.3371  4
bd6bd4 8 3.57015 34.8311 9 3.29551 33.6729  2
hkth2d4bd2hkth1d2hkth1d2 9 3.38386 33.1194 10 3.07286 30.0237  4
hkth4d6ed2ed2 7 3.38059 33.0483 9 3.37843 35.7637  3
hkth1d8bd2 8 3.48676 45.028 8 3.40547 45.1097  2
hkth1d2bd4hkth2d4 10 3.30619 33.0303 9 3.02991 30.0606  3
hkth1d2bd4hkth3d4 8 3.48047 33.1089 10 3.26425 35.286  3
ed2hkth1d2hkth1d2hkth1d2hkth1d2 8 3.16468 27.2886 9 3.13129 27.3134  5
bd4bd2ed2ed2 9 3.13592 26.0629 11 3.04134 26.9563  4
hkth2d6ed2ed2 9 3.26706 33.0057 9 3.06214 30.136  3
hkth3d4ed2ed2ed2 10 3.54046 33.2711 10 3.22071 35.2966  4
bd2bd4hkth1d4 9 3.13223 27.3449 10 3.00722 27.1794  3
ed6bd2hkth1d2 9 3.13301 26.4303 8 3.01501 27.7874  3
hkth1d4bd2bd2hkth1d2 9 3.14362 30.6366 9 3.10585 31.412  4
hkth1d6bd2hkth1d2 8 3.13363 35.0166 8 3.32194 40.7783  3
hkth2d10 2 3.27046 38.0071 3 3.09863 35.0383  1
ed2hkth3d4hkth3d4 8 3.6544 34.3711 10 3.22684 36.356  3
hkth5d6ed4 8 3.80364 34.546 10 3.4633 45.734  2
hkth2d4ed2hkth1d2hkth1d2 10 3.38137 33.0937 10 3.1008 30.9837  4
hkth2d8bd2 7 3.3279 38.0149 8 3.10782 35.0329  2
hkth3d8ed2 8 3.5312 38.0037 8 3.14621 35.4903  2
ed2bd4hkth3d4 9 3.48908 33.098 10 3.23171 35.196  3
ed2hkth2d4hkth2d4 9 3.44331 34.1249 10 3.06685 31.1054  3
bd2bd4bd4 10 3.78606 39.1983 10 3.91742 39.1623  3
hkth3d4bd2hkth1d2hkth1d2 10 3.5684 33.3706 10 3.20868 35.5346  4
bd2hkth1d2hkth1d2hkth1d2hkth1d2 9 3.16443 27.338 9 3.07941 27.1651  5
ed4ed2hkth1d2hkth1d2 10 3.13261 26.1526 10 3.05751 27.9911  4
hkth4d6hkth1d4 8 3.30026 33.1934 8 3.24738 35.592  2
bd2ed4hkth1d4 8 3.13423 27.39 9 3.06478 31.1329  3
hkth7d8hkth1d2 8 3.77788 39.5329 9 4.14919 60.9183  2
hkth1d2hkth1d4hkth2d4 8 3.33354 33.0703 10 3.13154 31.5663  3
ed2ed4hkth1d4 9 3.1322 27.342 9 3.09529 31.0611  3
bd8ed2 8 3.40736 38.1 8 3.41331 33.7697  2
ed2ed2ed2ed2ed2 8 3.22761 27.7583 9 3.10073 27.9014  5
hkth3d4bd2ed2ed2 10 3.53875 33.2566 10 3.20303 35.3351  4
ed10 2 3.31613 36.7477 3 2.90477 22.6897  1
hkth1d6ed4 7 3.15173 35.7194 9 3.23398 36.7774  2
bd2hkth1d4hkth2d4 9 3.29722 33.1091 11 3.09051 31.276  3
bd6hkth2d4 7 3.46768 33.7089 8 3.25727 30.4594  2
hkth2d4bd2ed2ed2 10 3.34925 33.1031 11 3.07747 30.0214  4
hkth3d6hkth1d4 8 3.4236 33.1463 8 3.23007 35.2837  2
bd6hkth3d4 8 3.45735 33.4023 8 3.26507 34.6791  2
bd2ed2ed2ed2ed2 8 3.23005 27.7506 9 3.08637 27.6723  5
bd6ed4 8 3.47393 33.2391 8 3.15994 29.4334  2
hkth5d8bd2 8 3.75713 43.3414 9 3.48452 45.1909  2
bd8bd2 7 3.40941 38.1049 8 3.24066 33.146  2
bd4bd2bd2ed2 10 3.13013 26.0634 9 3.06501 27.3163  4
hkth5d10 2 3.68877 38.0897 4 3.48596 45.0591  1
hkth3d4ed2ed2hkth1d2 9 3.52769 33.3757 10 3.21721 35.4197  4
hkth4d6bd2bd2 8 3.37384 33.0266 9 3.24967 35.1466  3
hkth2d6hkth2d4 8 3.3262 33.0057 9 3.04353 31.2071  2
ed2hkth1d4hkth1d4 8 3.14485 30.816 9 3.07235 30.8237  3
ed6hkth3d4 8 3.19514 29.0694 9 3.0917 30.1931  2
ed2hkth2d4hkth3d4 10 3.56859 33.3306 10 3.20259 35.1414  3
hkth2d6hkth1d4 8 3.2147 33.0223 8 3.02445 30.262  2
hkth6d10 2 3.77717 38.0071 4 3.56755 45.178  1
hkth3d6hkth2d4 8 3.58211 33.0663 8 3.33286 35.142  2
hkth7d8bd2 7 3.79831 39.4009 9 3.94182 60.2831  2
bd2ed2hkth1d2hkth1d2hkth1d2 7 3.18197 27.5403 9 3.04913 27.4291  5
bd6ed2hkth1d2 8 3.35628 33.2457 9 3.16613 30.164  3
hkth1d2hkth1d2hkth1d2hkth1d2hkth1d2 9 3.16234 27.328 8 3.07592 27.0269  5
hkth4d6bd2hkth1d2 8 3.37357 33.0354 9 3.40467 40.7726  3
bd2bd2ed2ed2hkth1d2 8 3.18557 27.4983 8 3.09545 28.0694  5
hkth1d4ed2ed2hkth1d2 9 3.14426 30.6417 10 3.15294 32.1889  4
ed8bd2 8 3.51789 41.0506 8 3.03058 27.7477  2
ed4bd2hkth1d2hkth1d2 10 3.13351 26.1317 9 3.0675 27.0909  4
bd4ed2ed2ed2 9 3.13246 26.0786 10 3.02823 27.1749  4
bd6hkth1d2hkth1d2 7 3.38763 33.1226 8 3.29106 34.4434  3
hkth2d8ed2 8 3.33033 38.0054 8 3.12859 35.166  2
bd6ed2ed2 8 3.37241 33.2189 9 3.1782 30.2106  3
