bd6bd4 8 3.57015 34.8311 9 3.29551 33.6729  2
bd6ed4 8 3.47393 33.2391 8 3.15994 29.4334  2
bd6hkth1d4 7 3.3171 33.208 8 3.22964 34.0537  2
bd6hkth2d4 7 3.46768 33.7089 8 3.25727 30.4594  2
bd6hkth3d4 8 3.45735 33.4023 8 3.26507 34.6791  2
bd8bd2 6 3.40941 38.1049 8 3.24066 33.146  2
bd8ed2 8 3.40736 38.1 8 3.41331 33.7697  2
bd8hkth1d2 8 3.5731 38.1226 8 3.38127 33.342  2
ed6bd4 9 3.27987 29.4877 9 3.1137 28.936  2
ed6ed4 8 3.27592 29.1977 8 2.98468 23.0434  2
ed6hkth1d4 7 3.1334 27.5046 8 2.93396 25.7734  2
ed6hkth2d4 8 3.14395 28.4557 8 2.92923 25.0617  2
ed6hkth3d4 8 3.19514 29.0694 9 3.0917 30.1931  2
ed8bd2 8 3.51789 41.0506 8 3.03058 27.7477  2
ed8ed2 7 3.54394 41.0671 8 3.12932 28.0711  2
ed8hkth1d2 7 3.53469 41.0949 8 3.03789 28.1186  2
hkth1d6bd4 8 3.13236 35.6811 8 3.14222 35.7574  2
hkth1d6ed4 7 3.15173 35.7194 9 3.23398 36.7774  2
hkth1d6hkth1d4 8 3.12739 35.0354 8 3.18791 36.0054  2
hkth1d6hkth2d4 7 3.25978 35.9483 8 3.20901 36.2486  2
hkth1d6hkth3d4 8 3.33199 35.7089 8 3.23845 36.2703  2
hkth1d8bd2 8 3.48676 45.028 8 3.40547 45.1097  2
hkth1d8ed2 7 3.50151 45.0343 8 3.44238 45.846  2
hkth1d8hkth1d2 7 3.4887 45.0406 8 3.47493 45.7789  2
hkth2d6bd4 7 3.14598 33.0146 8 3.0147 30.0423  2
hkth2d6ed4 8 3.16609 33.0289 9 3.04379 30.6617  2
hkth2d6hkth1d4 8 3.2147 33.0223 8 3.02445 30.262  2
hkth2d6hkth2d4 8 3.3262 33.0057 9 3.04353 31.2071  2
hkth2d6hkth3d4 8 3.4396 33.0569 8 3.09935 31.228  2
hkth2d8bd2 7 3.3279 38.0149 8 3.10782 35.0329  2
hkth2d8ed2 8 3.33033 38.0054 8 3.12859 35.166  2
hkth2d8hkth1d2 8 3.45942 38.0137 7 3.10673 35.1569  2
hkth3d6bd4 8 3.56461 33.0849 9 3.3422 35.0166  2
hkth3d6ed4 8 3.40181 33.0754 9 3.17156 35.0117  2
hkth3d6hkth1d4 8 3.4236 33.1463 8 3.23007 35.2837  2
hkth3d6hkth2d4 8 3.58211 33.0663 8 3.33286 35.142  2
hkth3d6hkth3d4 8 3.62549 33.012 8 3.24822 36.0309  2
hkth3d8bd2 7 3.54514 37.9974 8 3.22385 35.814  2
hkth3d8ed2 8 3.5312 38.0037 8 3.14621 35.4903  2
hkth3d8hkth1d2 8 3.46411 38.0034 8 3.17745 35.6003  2
hkth4d6bd4 8 3.87384 36.6077 9 3.36295 35.3369  2
hkth4d6ed4 8 3.42619 33.142 9 3.29101 35.24  2
hkth4d6hkth1d4 8 3.30026 33.1934 8 3.24738 35.592  2
hkth4d6hkth2d4 8 3.42314 33.0294 9 3.23456 36.2594  2
hkth4d6hkth3d4 9 3.86679 36.1566 9 3.25692 36.2089  2
hkth4d8bd2 8 3.38474 34.1174 8 3.45128 40.0191  2
hkth4d8ed2 7 3.38496 34.1226 8 3.26934 40.0143  2
hkth4d8hkth1d2 8 3.50452 34.222 8 3.4574 40.0163  2
hkth5d6bd4 7 3.90509 35.1571 9 3.59817 45.3343  2
hkth5d6ed4 8 3.80364 34.546 10 3.4633 45.734  2
hkth5d6hkth1d4 7 3.64008 38.7989 9 3.46697 45.9931  2
hkth5d6hkth2d4 8 3.70893 39.0529 9 3.57601 45.54  2
hkth5d6hkth3d4 8 3.78468 38.832 9 3.51698 45.4029  2
hkth5d8bd2 8 3.75713 43.3414 9 3.48452 45.1909  2
hkth5d8ed2 7 3.76002 43.3406 9 3.58672 45.8163  2
hkth5d8hkth1d2 7 3.74359 43.274 9 3.5519 45.392  2
hkth6d8bd2 7 3.87313 39.12 9 3.62974 50.3443  2
hkth6d8ed2 8 3.8736 39.1643 9 3.62262 50.3377  2
hkth6d8hkth1d2 7 3.90717 39.1454 8 3.76381 50.4869  2
hkth7d8bd2 7 3.79831 39.4009 9 3.94182 60.2831  2
hkth7d8ed2 7 3.8007 39.4031 9 3.91906 60.2454  2
hkth7d8hkth1d2 8 3.77788 39.5329 9 4.14919 60.9183  2
