bd10 2 3.52006 34.2777 3 3.36396 32.1431  1
ed10 2 3.31613 36.7477 3 2.90477 22.6897  1
hkth1d10 2 3.59584 50.0111 3 3.5521 50.0363  1
hkth2d10 2 3.27046 38.0071 3 3.09863 35.0383  1
hkth3d10 2 3.38796 34.4471 3 3.25393 35.5574  1
hkth4d10 2 3.61386 36.364 4 3.20781 35.9014  1
hkth5d10 2 3.68877 38.0897 4 3.48596 45.0591  1
hkth6d10 2 3.77717 38.0071 4 3.56755 45.178  1
hkth7d10 2 4.15326 43.0206 4 3.91337 55.3346  1
hkth8d10 2 3.6516 36.7374 4 3.90249 55.4377  1
hkth9d10 2 3.93267 38.6469 4 4.35425 65.4411  1
