hkth2d4ed2ed2hkth1d2 10 7.40539 32.1951 11 7.54756 41.3754 4 
 bd4ed2ed2ed2 11 7.36412 31.94 10 8.00538 43.2006 4 
 hkth3d4hkth1d2hkth1d2hkth1d2 9 7.59389 33.6594 10 9.65968 46.9257 4 
 ed4ed2ed2ed2 11 7.32631 31.8969 10 8.99979 38.0543 4 
 hkth1d4ed2ed2hkth1d2 10 7.6455 41.2126 10 7.90446 51.0183 4 
 bd4hkth1d2hkth1d2hkth1d2 10 7.36872 32.972 10 9.1358 40.0303 4 
 hkth2d4bd2bd2bd2 10 7.41678 33.1903 10 7.74388 45.51 4 
 hkth3d4ed2ed2hkth1d2 10 7.76294 34.0589 11 7.98146 46.296 4 
 hkth1d4bd2bd2hkth1d2 11 7.65536 41.2131 10 7.92769 51.0223 4 
 ed4bd2ed2ed2 9 7.22269 31.9429 10 8.82364 38.1317 4 
 bd4bd2hkth1d2hkth1d2 9 7.35861 32.9691 10 7.99296 41.6906 4 
 hkth1d4bd2bd2bd2 10 7.72498 41.3737 10 8.0294 50.968 4 
 hkth2d4bd2hkth1d2hkth1d2 9 7.3706 34.0054 10 7.73459 40.6917 4 
 bd4ed2ed2hkth1d2 12 7.36034 31.7106 10 8.44702 42.244 4 
 hkth2d4hkth1d2hkth1d2hkth1d2 10 7.41595 34.0054 10 7.73506 39.0674 4 
 hkth2d4ed2ed2ed2 10 7.42187 33.1866 11 7.6469 41.7417 4 
 hkth2d4ed2hkth1d2hkth1d2 10 7.34148 34.0054 10 7.50779 40.2389 4 
 hkth3d4bd2hkth1d2hkth1d2 9 7.75609 33.0091 10 9.42892 48.9229 4 
 hkth3d4bd2bd2hkth1d2 10 7.71959 34.0511 10 8.04033 47.908 4 
 ed4bd2ed2hkth1d2 10 7.2136 31.7237 10 7.87764 38.4869 4 
 hkth1d4bd2hkth1d2hkth1d2 9 7.34515 40.0069 9 8.6391 49.0726 4 
 bd4bd2ed2hkth1d2 10 7.33261 31.7026 10 7.78911 42.2394 4 
 hkth1d4bd2bd2ed2 9 7.76017 41.3683 10 8.636 50.9811 4 
 hkth1d4bd2ed2hkth1d2 9 7.65972 41.2117 11 7.95072 50.8471 4 
 hkth2d4bd2bd2ed2 10 7.42154 33.184 11 7.74673 43.2243 4 
 ed4hkth1d2hkth1d2hkth1d2 9 7.38853 32.97 10 7.9102 36.1914 4 
 bd4ed2hkth1d2hkth1d2 9 7.34244 32.9691 10 7.64068 41.4734 4 
 hkth3d4bd2bd2bd2 10 7.76428 33.334 10 8.01828 48.6 4 
 hkth2d4bd2ed2ed2 10 7.38419 33.1869 10 7.67232 42.4337 4 
 ed4ed2hkth1d2hkth1d2 10 7.37964 32.9677 10 7.94388 38.9574 4 
 hkth3d4bd2bd2ed2 10 7.78884 33.3323 10 9.17046 45.2563 4 
 bd4bd2ed2ed2 10 7.34545 31.9014 10 8.8446 43.2131 4 
 hkth3d4ed2ed2ed2 10 7.76416 33.3349 11 9.08139 45.1711 4 
 hkth1d4bd2ed2ed2 10 7.76643 41.422 11 7.12899 50.9143 4 
 ed4bd2bd2hkth1d2 9 7.20243 31.708 10 7.94937 38.2106 4 
 hkth2d4bd2ed2hkth1d2 10 7.42004 32.1934 10 7.53836 41.228 4 
 ed4bd2bd2ed2 10 7.34812 31.9483 10 9.03229 38.398 4 
 hkth3d4ed2hkth1d2hkth1d2 9 7.74869 33.0091 11 9.3195 49.7 4 
 hkth3d4bd2ed2ed2 9 7.80039 33.3531 11 9.46315 45.342 4 
 hkth1d4hkth1d2hkth1d2hkth1d2 9 7.34813 40.0069 10 8.48877 47.0826 4 
 hkth2d4bd2bd2hkth1d2 9 7.41103 32.1937 11 7.76476 42.4583 4 
 hkth1d4ed2hkth1d2hkth1d2 9 7.34433 40.0069 10 7.85382 51.0554 4 
 ed4bd2hkth1d2hkth1d2 9 7.22663 32.9631 9 7.72227 36.7729 4 
 bd4bd2bd2ed2 10 7.37831 32.0023 10 7.97925 43.2311 4 
 bd4bd2bd2bd2 9 7.3309 31.906 9 7.9746 43.7234 4 
 ed4ed2ed2hkth1d2 10 7.35576 31.7043 10 7.88182 38.5277 4 
 ed4bd2bd2bd2 11 7.38122 31.9011 10 7.91899 38.9829 4 
 hkth1d4ed2ed2ed2 9 7.72255 41.4191 10 7.9672 51.0086 4 
 bd4bd2bd2hkth1d2 10 7.34064 31.704 9 7.9176 42.7111 4 
 hkth3d4bd2ed2hkth1d2 11 7.74966 34.0591 11 8.00488 46.5097 4 
 