hkth7d8hkth1d2 7 7.16031 43.0557 9 9.53438 57.6877 2 
 hkth6d8hkth1d2 8 6.96539 43.62 8 8.80221 49.9306 2 
 bd6ed4 8 7.42638 34.0369 9 8.15946 37.2503 2 
 hkth2d8ed2 8 7.66689 46.0017 8 9.01789 46.1729 2 
 bd8ed2 8 7.63662 34.8414 8 9.16385 44.008 2 
 hkth5d8ed2 8 6.95274 43.0317 8 8.40291 45.9337 2 
 hkth5d8bd2 8 6.83439 43.0326 8 8.59542 47.7063 2 
 bd8hkth1d2 7 7.73605 34.9017 8 9.47398 43.8409 2 
 hkth4d6hkth1d4 8 6.23223 37.8151 8 8.68832 39.2357 2 
 hkth4d6ed4 8 6.2569 34.1211 9 8.81437 39.5483 2 
 bd6hkth2d4 8 7.44781 34.9674 9 6.90956 40.0443 2 
 hkth5d6hkth3d4 9 6.7536 38.1826 9 9.63168 48.1823 2 
 hkth1d6hkth1d4 7 7.83059 53.0597 8 8.61382 53.0826 2 
 hkth4d8hkth1d2 7 6.40411 41.7117 8 7.9892 40.7366 2 
 bd8bd2 8 7.58438 34.8534 8 9.4559 44.6066 2 
 hkth6d8ed2 8 6.77729 42.5891 9 8.62336 50.32 2 
 hkth2d6hkth2d4 8 7.45995 39.0017 8 7.42504 37.764 2 
 bd6hkth1d4 7 7.39796 37.7854 9 6.89312 38.6209 2 
 hkth2d6hkth1d4 8 7.4224 39.004 8 7.50647 38.0594 2 
 ed6hkth3d4 9 7.17263 34.9929 8 8.7669 34.786 2 
 hkth4d8bd2 8 6.43222 41.6834 9 9.10434 41.0137 2 
 hkth1d6bd4 7 7.81769 53.7537 9 8.39979 57.0331 2 
 hkth4d8ed2 7 6.52048 41.6823 9 8.82976 40.1631 2 
 ed8hkth1d2 8 7.07145 35.9371 8 7.49269 33.0477 2 
 hkth2d8hkth1d2 7 7.95762 46.0006 8 7.4768 45.7223 2 
 hkth7d8bd2 8 6.64539 43.2334 9 9.43233 58.6791 2 
 hkth3d6hkth3d4 9 6.47748 37.9983 9 8.83339 39.1054 2 
 hkth5d6hkth1d4 8 6.61131 38.328 9 9.44326 46.4606 2 
 hkth3d8ed2 8 6.67719 42.9211 9 7.96629 44.2394 2 
 hkth3d6bd4 8 7.68911 37.9983 9 7.74094 39.0403 2 
 hkth4d6hkth2d4 8 6.27711 34.1757 10 7.93279 39.0306 2 
 hkth3d8bd2 8 6.71963 42.92 8 8.01844 44.782 2 
 ed8bd2 8 7.02609 36.004 9 7.59228 33.2097 2 
 hkth1d6hkth3d4 8 7.9393 53.8023 9 9.15278 54.0511 2 
 hkth1d6hkth2d4 8 7.96882 53.74 9 7.96738 54.2349 2 
 hkth4d6hkth3d4 9 6.83697 36.9097 9 9.20843 41.748 2 
 ed6bd4 9 7.00292 29.0329 8 7.57563 30.6537 2 
 hkth3d6hkth2d4 8 6.62774 38.902 8 7.82246 39.444 2 
 hkth2d6ed4 8 7.57121 38.0017 9 7.47973 39.2209 2 
 bd6bd4 8 7.74838 33.1786 9 8.50003 38.0391 2 
 hkth2d8bd2 7 7.69592 46.0017 8 7.62263 46.6357 2 
 hkth5d6hkth2d4 7 6.52896 38.2143 8 8.61141 47.8583 2 
 hkth3d8hkth1d2 8 6.92332 42.156 8 8.44624 43.7474 2 
 hkth3d6hkth1d4 8 6.42893 39.0043 8 7.7466 38.05 2 
 ed6hkth2d4 8 7.90327 35.8726 9 7.31689 29.1477 2 
 hkth7d8ed2 8 6.67639 43.2351 9 9.21724 58.0886 2 
 hkth2d6hkth3d4 8 7.70712 38.874 9 8.7254 39.0511 2 
 hkth1d8ed2 8 8.8384 69.046 8 8.77892 70.9997 2 
 hkth1d8bd2 8 8.83127 69.0474 8 8.68469 70.9966 2 
 hkth4d6bd4 7 7.83022 35.4649 9 7.85804 42.0223 2 
 hkth5d8hkth1d2 8 6.86366 42.1809 9 8.49855 46.7103 2 
 hkth3d6ed4 8 6.52964 39.6569 9 8.92447 38.7237 2 
 ed8ed2 7 7.0311 36.004 8 7.52759 32.272 2 
 ed6hkth1d4 7 7.01976 37.7369 8 7.40936 37.2751 2 
 hkth6d8bd2 7 6.75256 42.5837 9 8.8892 50.8874 2 
 ed6ed4 8 6.99269 29.724 10 8.22149 29.1477 2 
 hkth1d6ed4 8 7.81623 53.766 9 9.07185 57.028 2 
 hkth2d6bd4 8 7.52982 38.0017 8 8.86196 40.0574 2 
 bd6hkth3d4 9 7.58292 35.7469 8 9.52088 38.7983 2 
 hkth1d8hkth1d2 7 8.82992 69.0669 8 9.24572 69.0683 2 
 hkth5d6bd4 8 6.65681 40.7854 9 8.05189 48.7734 2 
 hkth5d6ed4 8 6.65639 39.6471 9 9.43471 48.0823 2 
 