ed2hkth2d4hkth3d4 9 7.91697 39.2449 10 8.82468 35.048 3 
 hkth3d6bd2bd2 9 6.30065 39.1757 9 7.98632 44.7183 3 
 hkth1d2bd4ed4 9 7.45848 30.1626 10 8.97066 36.5186 3 
 bd2bd4hkth3d4 10 7.68281 39.2523 9 7.6867 37.8917 3 
 bd2ed4hkth2d4 9 7.02764 32.1226 11 6.36715 31.5586 3 
 hkth1d2ed4hkth3d4 9 7.41864 33.0549 10 9.02265 34.7766 3 
 hkth5d6ed2ed2 8 6.59398 38.8806 10 9.4896 50.8997 3 
 ed2hkth1d4hkth1d4 10 7.67179 43.0086 10 7.55026 43.708 3 
 hkth2d6bd2hkth1d2 8 7.32008 39.2454 9 7.55493 43.6814 3 
 bd2bd4hkth1d4 9 7.39361 41.0089 9 7.0133 38.6451 3 
 hkth1d6ed2hkth1d2 8 8.32488 55.0071 8 8.27256 61.034 3 
 ed2bd4hkth2d4 9 7.04293 36.3314 10 8.28081 39.05 3 
 bd2bd4ed4 10 7.50702 31.7591 9 7.70701 37.0963 3 
 hkth1d2bd4hkth1d4 9 7.41948 40.9111 10 8.23986 37.9323 3 
 ed2bd4bd4 11 8.06204 33.2517 10 8.08403 37.0346 3 
 hkth1d2hkth3d4hkth3d4 9 7.8529 39.6257 10 8.96809 42.0463 3 
 hkth1d2bd4hkth2d4 9 7.2912 36.1446 9 8.91169 39.05 3 
 ed2bd4hkth1d4 9 7.36733 41.0057 9 8.2451 37.9126 3 
 hkth1d2hkth2d4hkth3d4 9 7.79614 40.316 10 7.19717 36.2369 3 
 bd6bd2hkth1d2 7 7.44254 35.1491 9 8.89282 42.7026 3 
 ed2hkth1d4hkth2d4 10 7.7398 39.0114 10 7.55647 42.2714 3 
 bd6ed2hkth1d2 8 7.39879 35.1589 8 8.26043 42.2346 3 
 hkth5d6bd2bd2 8 6.32726 38.8743 9 8.43639 53.4563 3 
 hkth1d2bd4hkth3d4 10 7.61073 38.192 10 9.20478 37.6897 3 
 bd6bd2bd2 9 8.12252 35.184 9 8.33081 43.684 3 
 bd2hkth2d4hkth3d4 9 7.91312 39.2577 10 8.22055 37.7743 3 
 hkth2d6bd2ed2 8 7.37753 40.1397 8 7.41165 44.2649 3 
 ed2ed4hkth1d4 8 7.39876 41.0086 9 8.67681 37.2637 3 
 ed6ed2hkth1d2 8 6.97729 36.8789 9 7.48136 33.0486 3 
 ed2ed4ed4 9 7.37983 35.1934 12 8.54581 33.9557 3 
 hkth2d6ed2ed2 9 7.35753 40.1354 9 7.37646 44.2631 3 
 hkth1d2ed4hkth2d4 9 7.11879 31.1989 10 7.67687 30.0671 3 
 hkth3d6bd2ed2 8 7.65701 39.1757 9 8.31969 44.2057 3 
 ed6bd2hkth1d2 9 6.98034 36.88 10 7.51157 33.052 3 
 ed2hkth1d4hkth3d4 9 8.00477 39.3374 10 8.98677 43.0529 3 
 bd2ed4hkth1d4 9 7.41737 41.0086 10 6.3903 37.2706 3 
 bd2hkth3d4hkth3d4 10 7.76701 39.4617 10 8.99896 41.6997 3 
 hkth3d6ed2hkth1d2 9 6.40019 38.1866 9 7.97608 43.2486 3 
 hkth1d6ed2ed2 7 8.35688 55.9654 9 8.08324 61.0286 3 
 hkth1d2ed4hkth1d4 8 7.43564 40.904 9 7.65267 37.2626 3 
 hkth4d6bd2bd2 8 7.4622 35.9346 9 8.15195 46.1466 3 
 hkth1d2ed4ed4 10 7.42654 34.4034 10 8.54779 34.07 3 
 hkth5d6bd2ed2 8 6.46939 38.8543 9 9.46477 50.8811 3 
 hkth5d6ed2hkth1d2 9 6.53444 38.8071 9 9.59287 51.0663 3 
 bd6ed2ed2 8 7.39192 35.1711 8 9.53683 43.1146 3 
 hkth4d6ed2hkth1d2 8 6.08392 35.0986 9 8.10815 44.476 3 
 hkth1d6bd2hkth1d2 8 8.29978 55.0071 8 8.2827 61.0211 3 
 hkth1d2hkth1d4hkth1d4 9 7.66822 43.0086 9 8.32961 42.824 3 
 bd2bd4hkth2d4 10 7.0517 36.3191 10 6.90165 39.0337 3 
 hkth1d2bd4bd4 9 7.92777 33.23 9 7.9251 37.0383 3 
 bd2hkth1d4hkth1d4 9 7.71569 43.0086 9 6.13454 43.6989 3 
 ed6ed2ed2 9 6.98942 37.0397 9 7.50898 33.2074 3 
 hkth1d2hkth1d4hkth2d4 9 7.72704 39.0091 10 7.56209 44.0609 3 
 ed2hkth2d4hkth2d4 9 7.39083 37.0006 10 7.46242 34.9954 3 
 hkth4d6ed2ed2 9 7.37718 35.9226 9 8.04854 45.37 3 
 bd2hkth2d4hkth2d4 9 7.37883 37.0006 9 5.94577 34.7714 3 
 hkth2d6ed2hkth1d2 8 7.6654 39.2511 9 7.45178 43.2654 3 
 ed2ed4hkth2d4 9 7.0314 32.1151 9 7.74219 30.0483 3 
 hkth3d6ed2ed2 8 6.26913 39.1734 9 7.86175 44.2069 3 
 bd2hkth1d4hkth3d4 9 8.04462 39.3211 10 7.50694 43.0583 3 
 hkth3d6bd2hkth1d2 8 7.75832 38.1857 8 7.89146 43.9346 3 
 ed2bd4ed4 9 7.46784 31.6703 10 9.02952 37.0803 3 
 ed2ed4hkth3d4 9 7.43182 32.3189 11 9.14312 34.8063 3 
 hkth5d6hkth1d2hkth1d2 9 7.14176 37.3057 9 9.86239 52.9114 3 
 hkth1d2hkth2d4hkth2d4 9 7.67896 37.0006 9 7.42487 34.7897 3 
 hkth4d6hkth1d2hkth1d2 8 6.20451 36.0271 9 9.23906 45.1891 3 
 bd2hkth1d4hkth2d4 9 7.74641 39.01 10 6.23595 43.0591 3 
 ed2hkth3d4hkth3d4 11 7.7384 39.3877 11 8.93668 41.7283 3 
 hkth2d6bd2bd2 8 7.38894 40.138 9 7.50975 44.7551 3 
 ed2bd4hkth3d4 9 7.67451 39.2883 10 9.28272 37.7109 3 
 hkth1d6hkth1d2hkth1d2 8 8.29681 55.0071 9 8.93009 60.0457 3 
 ed6hkth1d2hkth1d2 8 7.00388 37.068 9 7.62666 33.0603 3 
 bd2ed4ed4 9 7.37703 35.1846 10 7.26264 34.2949 3 
 ed6bd2ed2 7 6.97948 37.0423 8 7.52091 33.5429 3 
 ed6bd2bd2 8 7.01263 37.0369 9 7.52346 33.0983 3 
 hkth2d6hkth1d2hkth1d2 8 7.56428 38.1274 9 7.49053 42.7814 3 
 hkth1d6bd2ed2 8 8.38902 55.966 9 8.11428 61.0329 3 
 hkth4d6bd2ed2 8 7.4455 35.9291 10 8.06255 45.4623 3 
 hkth5d6bd2hkth1d2 8 6.32488 38.8069 10 8.34443 52.5163 3 
 hkth1d6bd2bd2 8 8.3538 55.9723 9 8.26493 61.0466 3 
 bd2ed4hkth3d4 9 7.42187 32.3074 10 6.59077 35.0989 3 
 hkth1d2hkth1d4hkth3d4 10 7.89953 40.5043 10 8.85769 43.052 3 
 bd6bd2ed2 9 7.41377 35.1717 9 9.51972 43.1269 3 
 hkth3d6hkth1d2hkth1d2 9 6.30715 38.9263 8 8.92497 42.7266 3 
 bd2bd4bd4 10 8.05959 33.2414 10 6.8465 37.0534 3 
 hkth4d6bd2hkth1d2 7 7.44684 35.2331 9 8.06488 45.2043 3 
 bd6hkth1d2hkth1d2 8 7.43325 34.5034 9 8.50432 41.7646 3 
 