bd2bd2bd2bd2ed2 9 7.75737 34.1629 9 6.81803 43.2206 5 
 bd2bd2bd2ed2hkth1d2 9 7.72046 34.1534 9 6.61003 41.6543 5 
 bd2bd2bd2bd2bd2 9 7.71137 34.1594 8 6.46431 42.4606 5 
 bd2bd2bd2bd2hkth1d2 8 7.74462 34.1531 9 6.83536 41.7583 5 
 bd2bd2ed2ed2hkth1d2 8 7.71945 34.1537 9 6.51252 40.6711 5 
 bd2bd2hkth1d2hkth1d2hkth1d2 8 7.77921 35.0229 8 7.89102 40.1197 5 
 hkth1d2hkth1d2hkth1d2hkth1d2hkth1d2 8 7.42408 37.0046 9 8.58871 40.0409 5 
 ed2ed2ed2ed2ed2 10 7.75866 34.164 10 7.7744 40.0923 5 
 bd2ed2hkth1d2hkth1d2hkth1d2 8 7.80258 35.0126 9 6.40547 39.732 5 
 bd2ed2ed2hkth1d2hkth1d2 10 7.73127 34.5366 9 6.43985 40.0503 5 
 bd2bd2bd2ed2ed2 8 7.71039 34.158 9 7.10186 41.8997 5 
 ed2ed2hkth1d2hkth1d2hkth1d2 9 7.7681 35.0154 9 7.76978 38.7469 5 
 ed2ed2ed2ed2hkth1d2 10 7.71491 34.1697 9 7.76328 39.2557 5 
 bd2bd2ed2hkth1d2hkth1d2 9 7.72759 34.54 9 6.55391 40.2909 5 
 bd2bd2ed2ed2ed2 10 7.7543 34.1611 9 6.49309 41.3817 5 
 bd2hkth1d2hkth1d2hkth1d2hkth1d2 8 7.41185 37.0046 9 7.30099 41.2434 5 
 ed2ed2ed2hkth1d2hkth1d2 9 7.78849 34.54 9 7.90969 39.0971 5 
 bd2ed2ed2ed2ed2 10 7.72848 34.1589 11 6.50138 41.0511 5 
 bd2bd2bd2hkth1d2hkth1d2 9 7.7352 34.5406 9 6.59951 40.9303 5 
 ed2hkth1d2hkth1d2hkth1d2hkth1d2 8 7.43654 37.0046 10 7.9088 40.5923 5 
 bd2ed2ed2ed2hkth1d2 10 7.72317 34.1557 9 6.36999 40.0526 5 
 