hkth6d10 3 6.98333 43.678 4 7.05693 43.9609 1 
 hkth8d10 2 6.57575 35.7831 5 9.50139 50.194 1 
 hkth4d10 2 8.29143 39.9983 4 9.23172 40.8117 1 
 ed10 2 7.56807 32.6706 4 7.09172 29.0651 1 
 hkth1d10 2 10.1745 80.0046 3 9.2678 80.0129 1 
 bd10 3 7.54174 33.8746 3 8.62624 42.0497 1 
 hkth5d10 2 7.15527 43.5366 5 8.36982 43.0723 1 
 hkth7d10 2 7.21535 43.8526 4 10.5198 51.6943 1 
 hkth3d10 2 8.326 42.9983 3 9.02219 45.7743 1 
 hkth2d10 2 8.13501 49.0006 3 7.74276 48.0437 1 
 hkth9d10 3 6.79804 38.7454 5 11.618 57.9797 1 
 
