ed6bd4 8 9.59305 58.5731 8 9.30956 59.2886 
hkth5d6hkth3d4 8 9.83063 63.3374 9 15.2005 75.724 
hkth1d2bd4ed4 9 9.66855 56.3583 10 10.2866 60.972 
bd8ed2 8 9.78705 62.4111 8 10.1296 63.2489 
bd2ed2hkth1d2hkth1d2hkth1d2 8 13.3179 52.6749 10 9.59509 55.8031 
bd2bd2bd2hkth1d2hkth1d2 9 9.53741 52.102 10 12.8635 56.9474 
hkth1d2ed4hkth2d4 8 12.8495 56.6031 10 13.3674 58.9091 
bd2ed4hkth2d4 10 9.32128 56.5671 9 9.32447 59.5183 
hkth2d6ed4 8 9.21716 58.2826 8 9.89874 64.4091 
hkth1d6bd2hkth1d2 8 9.35184 67.1414 8 10.8518 70.5137 
ed2hkth2d4hkth3d4 9 9.64308 57.8554 10 13.3143 62.358 
ed6bd2bd2 8 9.04588 58.0426 9 9.26875 58.6717 
bd6bd2bd2 9 9.82426 60.4291 9 10.2589 63.2854 
bd6hkth1d2hkth1d2 7 9.67343 60.04 9 14.1403 66.6349 
hkth1d8ed2 8 13.0627 74.198 8 11.6936 82.3029 
bd10 2 10.315 61.7991 4 10.4228 65.3631 
hkth1d2hkth1d4hkth3d4 10 9.51627 58.7651 10 9.83093 62.738 
bd2ed2ed2hkth1d2hkth1d2 9 9.53865 52.102 9 12.4999 55.9857 
hkth3d4bd2ed2ed2 10 9.65018 55.0897 10 9.47362 66.964 
ed4bd2bd2bd2 10 9.31497 52.1886 10 9.88951 61.5569 
ed2bd4ed4 9 9.63278 56.4117 10 9.94942 60.5363 
hkth5d6ed4 8 10.2689 58.0037 10 12.2048 76.8703 
bd2hkth2d4hkth2d4 9 9.42928 57.5663 9 9.3347 59.9297 
hkth3d4ed2ed2ed2 10 9.6539 55.0897 10 14.0972 67.6354 
hkth1d6bd4 8 9.31786 65.3434 8 9.03444 72.9751 
bd2bd2ed2hkth1d2hkth1d2 8 9.53148 52.0943 10 13.2706 55.9531 
bd4ed2hkth1d2hkth1d2 10 9.40379 52.0731 10 9.18535 56.648 
hkth1d4bd2ed2hkth1d2 9 9.39593 56.2226 10 10.1982 65.8811 
bd2hkth3d4hkth3d4 10 9.62418 57.6906 10 9.87099 62.7806 
bd4bd2bd2bd2 10 9.31487 52.1877 12 9.33358 56.7123 
hkth3d4bd2ed2hkth1d2 9 9.7566 55.2523 10 9.47856 66.8463 
hkth1d10 2 9.54012 84.0289 3 10.8893 88.0666 
hkth2d6ed2hkth1d2 8 9.4869 61.1631 8 13.3667 64.1554 
bd2ed4hkth3d4 9 9.53061 57.4771 10 10.1885 62.9269 
hkth3d6hkth2d4 8 9.58983 57.9131 9 10.794 69.7246 
hkth4d6bd2bd2 9 9.71107 60.1137 9 10.7961 68.7706 
hkth1d2bd4bd4 9 10.0235 60.7989 10 10.6176 65.1034 
hkth1d2hkth2d4hkth3d4 9 13.5004 57.4483 10 9.77257 61.8051 
hkth1d2bd4hkth2d4 9 9.17581 56.6031 10 9.32059 58.9291 
bd2bd4hkth2d4 9 9.33032 56.552 10 8.68362 59.6049 
bd2bd4bd4 10 10.0224 60.8683 10 10.5438 64.6057 
hkth2d6hkth1d4 8 9.30145 61.262 9 9.88218 64.5 
hkth3d6ed4 9 9.26439 56.8774 8 15.1573 68.5457 
hkth1d4bd2bd2ed2 10 9.28609 56.5294 11 10.121 65.4097 
hkth5d6bd2ed2 8 9.88313 63.4283 9 12.1405 76.0183 
hkth3d6ed2ed2 8 9.52619 59.93 9 14.1701 68.3963 
hkth3d4bd2hkth1d2hkth1d2 9 9.90775 55.2274 10 9.47074 66.8543 
hkth1d8hkth1d2 7 9.33222 74.2009 8 11.5336 82.0209 
ed2ed2ed2ed2hkth1d2 9 9.46114 52.444 9 12.7152 56.3363 
hkth1d2hkth1d2hkth1d2hkth1d2hkth1d2 9 9.22693 52.2549 9 8.83762 55.8946 
hkth7d8bd2 8 10.0928 63.2826 10 13.9575 88.63 
hkth2d8ed2 8 9.17491 63.1494 8 9.79332 69.0137 
hkth4d6hkth2d4 8 9.76519 57.7986 9 10.5701 67.9371 
ed2hkth1d2hkth1d2hkth1d2hkth1d2 8 9.24186 52.2463 9 9.53849 56.2577 
ed6ed2hkth1d2 8 9.12217 58.0166 9 9.80789 59.4274 
hkth2d6bd2hkth1d2 8 9.48765 61.1631 8 9.95808 64.1377 
hkth5d10 2 9.65779 64.1963 4 12.2243 77.3306 
hkth1d2ed4ed4 9 9.83449 56.9346 10 9.12111 58.3886 
hkth3d4ed2hkth1d2hkth1d2 10 9.91353 55.2277 10 14.1585 67.8291 
hkth4d6hkth3d4 8 9.8324 59.6543 9 14.1395 68.3611 
hkth4d6bd2hkth1d2 8 9.93657 60.1391 9 14.1841 67.7211 
bd4hkth1d2hkth1d2hkth1d2 9 9.24344 52.98 10 12.5629 56.4523 
ed4bd2ed2ed2 9 9.31638 52.1957 10 13.3739 60.9051 
ed2bd4bd4 9 10.0315 60.8709 11 10.5152 64.4271 
ed2hkth1d4hkth3d4 8 9.52038 57.9151 9 9.7205 62.8434 
hkth6d8ed2 8 9.98117 62.2069 10 12.7564 80.8743 
hkth2d10 2 9.31636 68.1383 3 8.18328 71.5154 
ed6hkth2d4 8 9.21159 56.4554 9 8.68424 59.5749 
bd2bd4hkth1d4 10 9.14799 57.6074 9 8.96627 61.3889 
ed2ed4hkth3d4 9 9.52213 57.4789 10 10.3875 62.702 
hkth4d6ed4 8 9.78726 57.4363 9 10.627 69.1023 
hkth1d2ed4hkth3d4 8 9.67205 57.4251 10 13.9944 63.1011 
bd2bd4ed4 9 9.63307 56.4063 10 9.59389 59.7897 
ed4bd2hkth1d2hkth1d2 9 9.42197 52.0731 10 9.46777 61.006 
ed6bd2hkth1d2 8 9.13432 58.0206 9 9.45119 59.1057 
bd2hkth1d4hkth2d4 9 9.2919 57.8843 10 9.38532 60.8774 
hkth4d6hkth1d4 8 9.60102 60.1014 9 10.7084 68.4989 
ed6hkth1d2hkth1d2 8 9.12851 57.7846 9 13.2556 59.9691 
ed2ed2ed2ed2ed2 8 9.64578 52.6743 9 12.39 56.276 
ed6hkth1d4 8 8.94045 57.7683 8 9.81313 62.7429 
ed8bd2 7 9.79654 64.5774 8 9.91969 64.2289 
hkth1d2hkth2d4hkth2d4 9 9.44323 57.4226 10 13.2659 59.6237 
ed2ed4hkth1d4 9 9.08567 57.6054 9 8.89761 60.4854 
hkth5d6bd2hkth1d2 8 9.97648 63.4494 10 15.5234 76.4011 
ed2ed2ed2hkth1d2hkth1d2 8 9.53552 52.1017 10 12.8106 56.7466 
hkth4d6ed2ed2 8 9.73828 60.1089 10 11.1682 69.3654 
hkth3d6bd2ed2 9 9.53013 59.9303 9 10.6339 67.5917 
hkth3d6bd2bd2 9 9.56794 59.9514 9 10.4983 68.3503 
hkth2d8hkth1d2 7 9.28768 63.1903 8 8.8679 69.2871 
ed6bd2ed2 8 9.07917 58.0383 8 9.37001 59.7154 
bd2hkth1d4hkth3d4 9 9.54482 57.9054 10 9.93673 62.3971 
hkth2d6ed2ed2 8 9.50812 61.1577 8 10.0335 64.1109 
hkth1d4bd2bd2bd2 11 9.28488 56.5326 11 10.068 64.922 
bd2bd2ed2ed2hkth1d2 8 9.44578 52.4511 9 9.93968 56.2186 
hkth2d4bd2bd2hkth1d2 9 9.54875 54.4603 10 13.65 62.9694 
hkth2d6hkth3d4 9 13.455 59.3557 9 10.0714 65.0117 
hkth1d6hkth2d4 8 9.39251 65.0183 9 10.5131 71.5823 
hkth3d4ed2ed2hkth1d2 11 9.75709 55.2531 10 14.137 67.4669 
hkth4d8hkth1d2 7 9.36906 59.5906 8 14.833 73.0006 
bd4bd2bd2hkth1d2 10 9.3104 52.1617 10 9.39062 56.3806 
bd6bd2ed2 9 9.78941 60.4294 9 14.2629 62.2211 
hkth2d6hkth2d4 8 9.47922 59.2071 10 10.2584 65.6929 
hkth1d6hkth1d4 7 9.13235 65.0274 8 9.69547 71.8951 
bd2bd2bd2ed2ed2 8 9.65346 52.6706 9 12.8642 56.0657 
hkth2d6bd2bd2 9 9.51664 61.1629 8 9.32784 65.5146 
hkth5d6hkth1d2hkth1d2 8 13.9827 63.2369 9 15.9152 77.9769 
bd6bd2hkth1d2 8 9.74673 60.5837 9 10.2305 62.3534 
hkth1d6ed2ed2 8 9.59966 67.5557 9 11.2149 72.7354 
bd2ed2ed2ed2hkth1d2 9 9.45107 52.4446 9 12.7339 56.0231 
hkth4d10 2 13.3863 64.1594 3 9.94742 69.7929 
hkth3d6bd2hkth1d2 7 9.65994 59.9043 9 14.2186 67.3374 
ed4hkth1d2hkth1d2hkth1d2 9 9.25077 52.9766 10 13.8281 62.8703 
hkth1d6hkth3d4 9 9.52113 65.5109 8 10.9874 71.516 
hkth3d8ed2 7 9.53552 61.3591 8 10.6955 68.5146 
ed2bd4hkth2d4 9 9.32044 56.5663 10 9.24544 59.2334 
ed8ed2 7 9.78827 64.5763 8 10.3125 65.5586 
bd6bd4 10 9.61306 60.0651 8 11.3883 65.3846 
hkth9d10 2 10.5257 63.7046 4 14.9448 95.2554 
hkth1d4ed2ed2ed2 9 9.28441 56.542 10 13.7979 65.6949 
ed2bd4hkth3d4 10 9.73571 57.99 10 10.4684 62.3617 
ed4bd2bd2ed2 10 9.31929 52.2 11 10.1859 61.7031 
hkth5d6ed2ed2 9 9.87868 63.4297 9 12.562 79.4103 
hkth2d4bd2ed2hkth1d2 10 9.55613 54.4789 10 13.6433 62.7843 
hkth4d8bd2 8 9.42898 58.6806 8 11.2446 72.6417 
bd8hkth1d2 8 9.78961 62.134 8 10.209 63.4646 
hkth2d4ed2ed2ed2 10 9.51802 54.5403 11 9.13851 65.6934 
bd2ed4ed4 9 9.71938 56.6177 10 9.29411 59.3937 
bd4ed2ed2ed2 10 9.31377 52.2023 10 9.69204 56.0943 
hkth6d10 2 9.95928 65.3746 4 12.1619 77.7049 
hkth2d6bd2ed2 7 9.5364 61.1571 9 9.15523 64.1563 
ed4bd2ed2hkth1d2 10 9.36716 52.1751 10 9.50668 60.948 
hkth1d4bd2hkth1d2hkth1d2 9 9.17814 56.172 10 10.1043 65.288 
hkth1d2hkth1d4hkth1d4 9 9.00749 58.0514 9 9.34021 61.2117 
ed10 2 9.87061 67.3897 3 8.99452 62.2214 
hkth2d4ed2ed2hkth1d2 10 9.55701 54.4603 11 13.5665 62.5454 
hkth2d6hkth1d2hkth1d2 8 9.46126 61.2766 9 10.0224 64.6531 
bd6hkth3d4 8 9.68298 59.5629 8 9.86104 63.8406 
bd2hkth1d4hkth1d4 9 9.00757 58.0529 9 9.12471 62.3311 
hkth1d4bd2bd2hkth1d2 9 9.39606 56.2229 10 13.6222 65.6277 
hkth2d4bd2bd2ed2 9 9.52704 54.5271 10 13.8128 62.8243 
bd4bd2bd2ed2 9 9.32151 52.2 12 8.91345 56.2951 
ed8hkth1d2 7 9.91666 64.2709 9 10.4955 65.2946 
bd2bd2bd2bd2ed2 9 9.65299 52.6686 10 13.3527 55.6474 
ed2hkth3d4hkth3d4 9 9.62003 57.6929 11 13.7477 63.5003 
hkth3d4hkth1d2hkth1d2hkth1d2 9 9.75105 54.8411 10 9.35777 68.2729 
hkth1d4hkth1d2hkth1d2hkth1d2 10 9.09155 56.0254 10 8.9343 65.1071 
hkth3d8hkth1d2 8 9.5176 61.4143 8 10.768 68.7269 
ed2hkth2d4hkth2d4 9 9.42994 57.5629 10 13.0159 59.8546 
bd6ed4 8 9.65633 58.2089 9 9.57001 61.3809 
hkth1d4bd2ed2ed2 10 9.28165 56.54 11 10.4472 65.416 
hkth5d6hkth2d4 7 9.74551 61.46 10 12.4788 78.0034 
bd2hkth1d2hkth1d2hkth1d2hkth1d2 8 9.22757 52.2551 9 9.1175 55.6657 
ed4bd2bd2hkth1d2 10 9.31033 52.162 11 13.5341 63.0129 
hkth1d4ed2ed2hkth1d2 9 9.39455 56.2234 10 13.8361 66.4397 
hkth3d4bd2bd2ed2 10 9.65314 55.0826 11 14.1921 67.5886 
bd6ed2ed2 8 9.79686 60.426 8 10.2515 63.3549 
ed4ed2ed2hkth1d2 10 9.31855 52.162 10 13.4934 62.2137 
bd4bd2ed2ed2 9 9.35107 52.1817 10 8.92653 56.4309 
hkth6d8bd2 8 9.95728 62.2094 8 12.6209 80.7737 
hkth4d6ed2hkth1d2 8 9.66942 60.128 9 10.8649 69.3523 
hkth1d2bd4hkth3d4 9 9.71936 58.0749 10 13.5917 63.2149 
hkth4d8ed2 8 9.40469 58.6663 8 11.436 72.9414 
ed2hkth1d4hkth2d4 10 9.29245 57.8757 9 9.32844 60.6231 
hkth3d6hkth3d4 9 9.66177 59.6383 9 13.9377 68.2169 
hkth1d2bd4hkth1d4 10 9.04715 57.53 9 9.34185 61.3066 
ed2ed4ed4 9 9.71612 56.6134 10 9.34227 59.1337 
hkth1d6ed4 8 9.2085 65.4054 8 10.5204 73.188 
hkth3d6hkth1d2hkth1d2 8 9.62051 60.0589 8 9.16978 68.53 
hkth1d6hkth1d2hkth1d2 8 9.35214 67.1423 8 11.141 72.0414 
bd4ed2ed2hkth1d2 11 9.31735 52.162 11 9.20127 56.4317 
bd2bd2hkth1d2hkth1d2hkth1d2 9 9.50791 52.6694 9 9.89615 55.8586 
hkth5d8bd2 8 9.87252 64.9286 9 12.0005 76.2163 
hkth2d4bd2ed2ed2 9 9.52038 54.5246 10 13.7921 62.7666 
hkth5d6bd2bd2 7 9.87458 63.424 9 12.0127 76.0629 
hkth5d6hkth1d4 7 9.61949 62.7943 9 12.0778 76.4754 
bd6hkth1d4 8 9.43826 60.256 8 9.81648 62.7009 
hkth3d6bd4 9 9.47335 58.3111 8 10.6736 67.9677 
hkth1d4ed2hkth1d2hkth1d2 9 9.20544 56.1723 10 13.7459 66.6257 
hkth3d8bd2 7 9.52629 61.3574 7 9.83236 68.7571 
bd2bd2bd2bd2hkth1d2 9 9.44573 52.4457 9 13.4776 55.7571 
hkth3d10 2 9.48377 63.7946 3 9.98434 69.9214 
hkth7d8hkth1d2 8 9.94142 63.1689 9 17.6102 89.3031 
ed6ed2ed2 8 9.20619 58.0426 9 9.95649 59.2929 
hkth3d4bd2bd2hkth1d2 9 9.75617 55.2531 11 14.0535 67.0463 
ed4ed2hkth1d2hkth1d2 9 9.41659 52.0817 10 13.8614 62.2246 
hkth7d10 2 10.3577 68.5689 4 13.5718 85.4154 
hkth1d2ed4hkth1d4 8 9.03309 57.5463 9 9.56721 60.4311 
hkth2d4bd2bd2bd2 10 9.52037 54.5423 10 13.3231 62.1166 
hkth3d6ed2hkth1d2 8 9.64376 59.9231 8 9.20808 68.4503 
ed6hkth3d4 9 9.56586 58.1086 9 9.89092 64.3031 
hkth1d8bd2 7 9.32801 74.1994 7 10.7736 82.016 
hkth7d8ed2 8 10.0905 63.2783 9 14.1751 89.116 
ed2ed4hkth2d4 9 9.35304 56.5714 10 9.44593 59.3083 
hkth2d4hkth1d2hkth1d2hkth1d2 9 9.60961 54.9809 10 9.40941 62.7594 
hkth4d6hkth1d2hkth1d2 8 9.73302 60.114 8 10.8309 69.1554 
bd2ed2ed2ed2ed2 9 9.6537 52.6786 9 12.8323 56.5757 
hkth5d6bd4 8 14.3252 60.73 10 11.8658 75.712 
bd2bd2ed2ed2ed2 8 13.5287 52.6826 9 10.2327 56.7486 
hkth1d6bd2bd2 9 9.60319 67.5557 8 10.2639 71.7831 
bd4bd2hkth1d2hkth1d2 9 9.41646 52.0734 10 9.28448 56.1949 
hkth2d6bd4 8 9.21528 58.2671 9 8.17009 64.4429 
bd2bd4hkth3d4 9 9.71307 57.9874 10 10.226 64.7083 
bd2ed4hkth1d4 9 9.08462 57.6063 9 9.59731 61.6963 
hkth2d4bd2hkth1d2hkth1d2 9 9.6201 54.4863 10 13.6197 62.904 
ed2ed2hkth1d2hkth1d2hkth1d2 8 9.50815 52.6697 8 9.65681 56.786 
hkth3d4bd2bd2bd2 9 9.65358 55.0926 10 13.9946 67.3374 
hkth1d6ed2hkth1d2 8 9.35198 67.1394 8 11.3148 73.3346 
ed2bd4hkth1d4 10 9.08508 57.6151 10 8.87243 61.3366 
hkth5d8hkth1d2 7 10.0794 64.7023 9 15.3341 76.6626 
hkth1d2hkth1d4hkth2d4 8 9.25632 57.8474 10 9.34122 60.8323 
bd4bd2ed2hkth1d2 10 9.31946 52.1643 10 9.07636 56.3103 
ed4ed2ed2ed2 10 9.35622 52.1877 11 10.1712 62.0194 
hkth2d8bd2 7 9.14639 63.1477 8 8.26479 69.1017 
hkth3d6hkth1d4 8 9.34568 59.7206 8 14.3606 68.0643 
ed6ed4 8 13.4794 57.4443 9 8.79837 60.8574 
hkth8d10 3 9.95739 63.7337 5 12.9001 86.8366 
ed2hkth1d4hkth1d4 8 9.00907 58.0503 10 9.72981 62.0294 
hkth5d6ed2hkth1d2 7 9.97738 63.4486 9 16.1678 78.3154 
bd2hkth2d4hkth3d4 10 9.654 57.8614 11 9.76513 62.3491 
bd2bd2bd2ed2hkth1d2 8 9.44321 52.4457 9 13.063 57.0449 
bd2bd2bd2bd2bd2 8 9.66351 52.6831 10 12.7039 55.9586 
hkth6d8hkth1d2 7 9.9231 62.0297 8 16.3342 81.4543 
bd6hkth2d4 7 9.53278 58.7989 9 9.47421 61.1849 
hkth2d4ed2hkth1d2hkth1d2 9 9.61861 54.4886 10 13.4653 62.4026 
hkth1d6bd2ed2 8 9.58597 67.5549 9 10.0859 70.6686 
hkth1d2hkth3d4hkth3d4 9 9.61011 58.2231 10 13.6695 63.0197 
hkth4d6bd4 8 10.1247 62.2569 9 10.5655 68.2431 
bd6ed2hkth1d2 8 9.73138 60.5823 9 10.3352 64.0854 
hkth4d6bd2ed2 8 9.71501 60.1271 9 10.6512 67.7526 
hkth5d8ed2 8 9.84956 64.928 9 12.0769 76.4589 
bd8bd2 8 9.78756 62.4126 9 10.0063 62.3257 

