bd2ed2hkth1d2hkth1d2hkth1d2 8 16.623 73.0209 9 17.0073 76.2669 
hkth1d6hkth1d2hkth1d2 8 16.0318 86.082 9 32.2066 94.2706 
hkth1d2ed4hkth2d4 9 14.9683 64.7489 10 13.8173 66.0786 
bd4hkth1d2hkth1d2hkth1d2 10 13.8676 68.1074 10 17.5697 76.9157 
hkth6d8ed2 8 15.7294 73.8071 9 18.4754 86.232 
bd2bd4hkth3d4 9 15.4253 66.5014 10 17.6592 74.7791 
hkth3d6bd2bd2 9 15.5215 71.7786 9 17.3576 79.3414 
bd4bd2ed2ed2 9 16.1316 67.7269 10 17.8416 80.9437 
ed2ed2ed2ed2hkth1d2 8 17.1251 73.9811 9 17.2897 74.89 
hkth1d2hkth1d4hkth3d4 10 14.7551 70.1926 10 16.765 78.1303 
hkth2d6hkth1d2hkth1d2 8 15.4425 73.0691 9 16.7267 78.9934 
bd6bd2ed2 8 15.8365 69.0331 10 15.8323 77.7929 
bd4bd2hkth1d2hkth1d2 9 15.9644 66.0286 10 17.3353 78.8277 
hkth2d4bd2bd2bd2 10 15.6131 67.6431 10 15.8477 80.942 
ed8hkth1d2 8 16.097 67.8071 9 16.4362 68.952 
ed4ed2ed2hkth1d2 11 16.1505 68.266 11 14.7936 75.1751 
hkth2d6hkth2d4 8 15.2635 71.1046 9 16.3691 73.8357 
bd6hkth2d4 8 15.6367 69.7091 9 15.7278 76.0851 
hkth3d6ed2ed2 8 13.1003 71.7786 9 14.3485 79.3014 
hkth6d8hkth1d2 8 15.6214 74.0889 9 18.4498 86.1851 
ed8bd2 8 13.8307 68.1986 9 16.5034 70.3586 
hkth4d6ed2ed2 8 15.7527 68.9477 9 17.808 82.0171 
bd4bd2bd2ed2 10 13.3865 67.7291 11 17.5836 79.9223 
hkth4d6bd2ed2 9 15.6642 68.9509 10 18.1387 82.0851 
hkth1d8hkth1d2 7 16.5635 100.167 8 30.534 105.213 
hkth2d6ed4 8 14.8385 72.0029 9 16.574 75.8109 
hkth2d4bd2ed2ed2 10 15.6229 67.6563 11 17.2814 79.9986 
hkth3d4ed2ed2hkth1d2 9 16.2016 70.0891 11 17.6199 83.192 
hkth3d8ed2 7 12.9836 75.5897 8 17.563 81.2043 
hkth5d10 2 14.3928 79.6689 4 17.7928 79.1529 
bd4bd2bd2hkth1d2 10 16.158 68.2651 10 17.8423 79.816 
bd4bd2bd2bd2 10 13.2937 67.7117 10 17.6497 79.7837 
hkth2d6bd4 8 12.9479 72.0054 8 16.9385 74.0829 
ed2hkth2d4hkth2d4 8 13.5918 67.7854 10 14.1217 72.0143 
ed4bd2bd2hkth1d2 9 16.1247 68.2557 10 17.5756 74.252 
bd2hkth3d4hkth3d4 9 12.8207 69.7834 10 14.9688 78.5637 
bd2ed4hkth3d4 10 12.9691 65.7663 10 14.8252 71.8929 
bd2hkth1d4hkth3d4 9 16.0082 70.5077 10 14.202 78.1571 
hkth3d8bd2 7 13.5749 75.5691 8 17.2416 81.0046 
hkth1d4bd2hkth1d2hkth1d2 9 13.4539 72.0766 10 17.1106 84.1063 
bd8bd2 9 15.5506 66.8094 8 19.5637 79.1566 
hkth1d2bd4hkth1d4 9 15.6005 72.1386 9 17.6633 73.1457 
hkth3d6ed2hkth1d2 9 13.275 70.6731 9 17.1412 78.9909 
bd2bd4hkth2d4 8 15.2829 64.7514 10 14.7296 75.0769 
bd6hkth1d2hkth1d2 8 12.9268 67.1106 9 15.3013 77.9986 
hkth5d6bd2bd2 9 13.5445 70.9266 9 18.5354 89.5474 
hkth3d4ed2hkth1d2hkth1d2 9 15.7878 66.9743 11 15.1778 82.1217 
hkth1d2hkth1d2hkth1d2hkth1d2hkth1d2 8 16.1613 73.0614 10 17.9088 73.9797 
hkth2d4bd2ed2hkth1d2 10 13.145 66.6754 11 17.3899 80.0043 
bd4ed2ed2ed2 8 16.1779 67.7269 11 17.8767 80.9377 
hkth3d6bd2ed2 8 15.4679 71.784 9 15.3407 79.3071 
hkth1d6hkth3d4 8 16.2068 85.0891 8 17.5495 90.0186 
hkth2d6ed2ed2 8 12.8154 72.7463 9 16.9104 81.9046 
bd2bd2ed2ed2ed2 10 14.4127 73.7814 10 17.7344 77.6066 
ed6hkth3d4 9 13.0313 68.888 9 16.148 71.8497 
ed6bd2hkth1d2 9 13.3044 68.3523 8 16.6851 69.3646 
hkth4d6hkth3d4 8 16.5147 69.8794 9 17.4482 75.9951 
hkth2d4ed2ed2ed2 9 12.9052 67.6234 11 14.2566 79.9949 
hkth1d2bd4hkth3d4 10 12.7861 64.7563 10 17.0287 73.8554 
hkth3d4bd2bd2ed2 10 15.6874 68.6206 11 15.524 83.3343 
ed2ed2ed2hkth1d2hkth1d2 11 16.6195 72.146 10 17.3782 74.0143 
hkth8d10 3 16.2528 72.1263 5 20.0629 86.2083 
hkth3d8hkth1d2 8 13.0048 74.9783 9 16.717 81.012 
hkth1d4bd2bd2bd2 10 16.3779 72.3111 10 14.6355 87.0111 
hkth5d6bd2ed2 8 13.4915 70.9349 9 18.5752 89.7174 
hkth2d4hkth1d2hkth1d2hkth1d2 9 15.8329 68.0709 9 15.2808 76.0014 
ed6hkth1d4 8 15.5963 72.2017 8 16.6994 73.9889 
bd2ed2ed2hkth1d2hkth1d2 8 16.5438 72.1566 9 17.2291 76.9834 
hkth2d4bd2bd2ed2 11 15.6179 67.6431 10 17.4322 79.7711 
hkth1d2ed4ed4 9 13.1757 63.8403 10 16.4435 69.0486 
bd2bd2hkth1d2hkth1d2hkth1d2 10 16.6286 73.014 10 17.51 76.4814 
ed6ed4 9 15.852 65.9523 9 15.8833 65.7217 
ed2ed4ed4 10 16.1677 63.1866 10 16.2516 68.0189 
hkth2d4bd2bd2hkth1d2 10 15.717 66.6691 11 15.0393 79.9074 
ed6bd4 8 12.837 63.8957 9 13.6908 66.9214 
bd6hkth3d4 8 16.1447 68.8906 8 15.2508 74.8034 
bd8ed2 8 15.5031 66.7929 8 19.6489 79.1843 
hkth5d6ed2ed2 8 13.6356 70.9431 9 18.5003 89.7357 
bd2bd4ed4 10 15.1847 63.8989 9 17.4858 74.9589 
hkth4d6hkth1d4 7 15.6094 78.0743 9 14.4132 75.458 
ed2ed2hkth1d2hkth1d2hkth1d2 8 16.6081 73.018 9 16.2832 72.706 
hkth5d6hkth1d2hkth1d2 8 13.5648 68.8409 10 18.7278 108 
bd2hkth1d2hkth1d2hkth1d2hkth1d2 8 13.7662 73.0674 8 14.49 75.1126 
ed4bd2bd2ed2 10 16.1722 67.7157 10 18.06 74.3374 
hkth3d4bd2hkth1d2hkth1d2 9 13.3346 66.9711 10 17.7184 82.9931 
hkth1d4ed2ed2ed2 10 16.3462 72.3 10 14.3848 87.0057 
hkth3d6hkth3d4 9 13.3806 71.6231 8 15.0097 74.9826 
ed6ed2ed2 8 16.4757 68.7931 9 16.3619 70.9174 
hkth2d6hkth1d4 8 15.7148 75.1031 8 13.9022 74.138 
hkth1d2bd4ed4 9 15.4047 62.8849 10 16.519 74.1251 
bd6ed2hkth1d2 9 15.5119 80.7629 9 18.325 77.85 
hkth6d10 2 16.7792 79.0949 4 18.3672 79.8357 
bd2ed4hkth1d4 9 15.1819 72.1403 9 17.2013 73.3034 
hkth1d8ed2 7 14.3301 100.16 8 21.9814 105.083 
hkth1d2ed4hkth1d4 9 15.5949 72.1394 9 33.2315 73.1437 
ed2hkth1d4hkth3d4 9 13.3281 70.5543 10 16.6283 79.0751 
hkth4d10 2 12.8106 76.1283 4 15.1774 76.8143 
hkth2d8ed2 8 16.0007 78.8114 8 16.9277 82.0011 
hkth4d6hkth1d2hkth1d2 8 15.4254 67.1951 10 15.2329 80.1934 
ed2hkth1d4hkth2d4 8 14.066 70.1766 10 16.2286 79.0406 
ed2bd4hkth1d4 9 12.9324 72.1231 9 17.2342 73.8437 
hkth4d8bd2 8 15.7193 75.8589 8 17.3954 77.0126 
hkth5d8hkth1d2 8 15.9645 75.8403 10 18.1363 82.0171 
hkth3d4hkth1d2hkth1d2hkth1d2 9 16.0514 68.4894 10 17.3537 81.8906 
ed2hkth3d4hkth3d4 9 15.5102 69.7874 10 17.2716 77.7971 
hkth2d8hkth1d2 8 15.9481 78.0511 8 16.9186 81.962 
hkth1d6bd2hkth1d2 8 13.3502 86.0789 9 15.092 94.9654 
ed4bd2ed2ed2 9 14.7699 67.7211 10 14.2523 75.1969 
hkth3d4bd2ed2hkth1d2 10 16.2993 70.1251 11 17.888 84.1757 
ed2bd4ed4 9 12.7985 63.8803 10 16.8093 74.9426 
hkth3d6bd2hkth1d2 8 15.469 70.6731 9 17.0957 79.25 
bd6hkth1d4 7 12.9727 72.0563 8 14.9822 74.0811 
hkth4d6hkth2d4 8 16.2743 69.8606 10 14.3814 78.3314 
bd10 3 15.9978 70.638 3 21.4405 80.3123 
bd2ed2ed2ed2hkth1d2 9 17.1359 73.9703 10 14.1596 77.64 
bd2bd2bd2bd2ed2 9 17.4152 73.7789 9 15.2824 78.1634 
ed2hkth1d2hkth1d2hkth1d2hkth1d2 9 16.1449 73.0666 9 19.1934 72.8203 
hkth2d6hkth3d4 9 14.9898 71.1117 9 16.7259 74.3283 
hkth2d6bd2bd2 8 15.3937 72.7549 9 17.2703 79.7191 
hkth3d4bd2bd2bd2 10 15.6592 68.6066 10 15.4201 83.6531 
hkth1d6hkth2d4 8 15.6865 84.1571 9 16.9502 89.0814 
hkth3d6hkth2d4 8 12.8412 70.0217 8 16.6706 73.2734 
bd2bd2bd2hkth1d2hkth1d2 9 13.6053 72.1471 8 17.8559 78.0783 
bd2hkth1d4hkth2d4 9 15.1942 70.1789 10 14.0313 78.1117 
hkth2d6ed2hkth1d2 7 12.4773 72.8766 9 14.283 81.5494 
hkth6d8bd2 8 13.5232 86.6706 10 15.0995 86.0417 
ed2hkth2d4hkth3d4 9 15.5579 68.8303 9 17.1249 73.8877 
hkth4d8ed2 7 15.722 75.812 9 17.1566 77.1391 
ed6hkth1d2hkth1d2 8 16.5792 69.1709 9 16.3464 69.2834 
bd2hkth2d4hkth3d4 9 13.0325 68.8334 11 17.184 73.9726 
hkth4d6ed2hkth1d2 8 15.424 67.9389 9 14.6941 81.0074 
hkth1d6bd4 8 13.0887 87.0871 8 17.8795 90.884 
hkth1d6bd2bd2 9 16.4324 87.1066 9 16.5852 94.804 
hkth4d8hkth1d2 8 15.2423 72.1929 8 16.7939 76.9197 
hkth1d2hkth1d4hkth2d4 9 16.0889 71.0531 9 16.5681 78.0803 
bd6bd2hkth1d2 8 15.4631 68.0683 9 18.3063 77.8483 
bd2ed2ed2ed2ed2 9 17.4686 73.78 10 17.1753 77.6386 
hkth3d4ed2ed2ed2 9 13.077 68.6146 11 17.6224 83.6729 
hkth1d2bd4bd4 9 15.6803 65.3877 10 16.0676 73.0634 
hkth1d4bd2ed2hkth1d2 10 13.2217 72.1131 10 17.4184 86.4146 
hkth3d6hkth1d4 8 13.3092 75.096 8 16.7606 74.078 
ed10 2 13.3436 69.3506 3 16.0688 65.1163 
ed6bd2ed2 7 14.9036 68.7874 9 16.6712 69.7177 
hkth1d8bd2 8 14.0175 100.157 8 15.4718 105.262 
hkth7d8hkth1d2 8 16.193 76.284 9 20.0555 93.9474 
ed4hkth1d2hkth1d2hkth1d2 10 16.3313 80.9909 10 15.6402 72.788 
ed8ed2 8 14.3505 68.2046 9 13.9319 70.0117 
bd4ed2ed2hkth1d2 8 15.2542 68.2657 10 17.9096 78.7614 
bd2bd4hkth1d4 9 15.7634 72.144 9 17.6705 73.1726 
hkth1d2hkth2d4hkth2d4 9 13.2766 67.0334 9 13.9901 72.0143 
bd2hkth1d4hkth1d4 9 15.5756 74.1251 10 14.0853 80.0443 
hkth2d6bd2ed2 9 15.3013 72.7569 9 16.9721 79.0331 
ed2ed4hkth2d4 9 15.1794 64.7334 9 13.7075 67.7883 
hkth4d6bd2bd2 9 14.105 68.9277 9 17.892 81.9286 
hkth3d6hkth1d2hkth1d2 9 12.7551 70.0057 8 14.8307 79.0031 
bd2ed4ed4 10 15.9482 63.2094 11 13.6942 66.9203 
hkth5d8bd2 7 16.5877 75.724 8 17.994 82.2769 
ed2bd4hkth2d4 9 12.4411 64.7343 9 17.3411 75.0143 
ed2hkth1d4hkth1d4 10 15.5741 74.1191 9 13.755 78.8994 
hkth1d2hkth2d4hkth3d4 9 15.0534 68.868 11 18.12 74.5286 
bd6ed4 8 13.045 66.0766 8 20.2263 75.0834 
hkth1d4hkth1d2hkth1d2hkth1d2 8 15.9314 72.0874 10 14.2839 83.7574 
ed2ed4hkth1d4 9 15.7384 72.1391 9 16.5668 73.3089 
bd8hkth1d2 7 15.7805 66.9737 8 19.7383 79.1257 
bd4bd2ed2hkth1d2 9 16.1437 68.2609 10 39.5282 80.9394 
hkth2d6bd2hkth1d2 9 15.1403 72.864 8 14.9328 79.0403 
hkth5d6hkth2d4 8 16.2864 71.4417 8 15.9977 83.4757 
hkth1d4bd2bd2hkth1d2 9 15.8872 72.1094 9 17.606 85.2226 
hkth1d4bd2bd2ed2 10 16.4467 72.3066 10 17.4179 87.0009 
bd2bd4bd4 9 15.8962 65.8769 10 14.4378 73.0626 
bd2hkth2d4hkth2d4 9 12.7154 67.7863 10 16.6955 72.0783 
hkth1d6ed4 8 15.9165 87.0903 9 17.347 89.2426 
ed2bd4hkth3d4 10 12.8918 66.5037 10 17.7636 74.6929 
bd2bd2bd2bd2hkth1d2 8 17.1808 73.9943 8 17.9966 78.196 
ed6hkth2d4 8 15.8877 67.1623 9 14.779 65.0811 
hkth1d6ed2ed2 8 13.9183 87.0894 9 18.0283 97.0143 
hkth3d6ed4 8 13.2238 70.6731 8 17.0909 76.9803 
hkth1d2hkth1d4hkth1d4 8 15.5765 74.126 9 16.5045 80.0777 
bd2bd2ed2hkth1d2hkth1d2 10 16.544 72.146 9 17.641 77.5023 
hkth5d8ed2 7 16.6098 75.7163 9 15.0359 82.1726 
bd2bd2bd2ed2ed2 11 17.4028 73.7937 9 17.8118 77.8731 
hkth1d2bd4hkth2d4 9 13.2757 64.7471 10 16.3823 75.0729 
hkth3d10 2 16.1637 79.13 4 14.119 81.1237 
hkth1d6hkth1d4 8 15.8107 85.1174 8 14.1237 89.2066 
ed4bd2bd2bd2 9 16.1925 67.7283 10 14.4115 74.6606 
hkth2d4ed2hkth1d2hkth1d2 9 13.1102 65.9523 9 16.8476 77.0591 
hkth5d6ed2hkth1d2 8 13.5239 69.7066 9 18.5629 88.7483 
ed6bd2bd2 8 16.4696 68.7854 9 15.718 67.7266 
ed6ed2hkth1d2 9 16.0821 68.3511 9 16.3461 70.5703 
hkth1d10 2 18.5421 116.412 3 19.366 116.021 
hkth5d6ed4 8 13.3964 70.84 10 15.6445 83.532 
bd2bd2ed2ed2hkth1d2 9 16.1439 73.9989 8 14.4811 77.8043 
hkth1d2hkth3d4hkth3d4 8 15.1861 69.2026 9 17.1496 77.93 
hkth5d6bd4 8 13.9431 70.8657 11 15.2297 85.0569 
ed4ed2hkth1d2hkth1d2 9 15.9418 66.0237 10 14.4998 73.2863 
hkth2d4bd2hkth1d2hkth1d2 9 13.395 65.972 10 17.2533 77.9769 
hkth2d10 2 16.2917 85.1289 3 15.0182 84.0729 
hkth4d6bd2hkth1d2 8 15.3823 67.9383 9 15.1294 81.112 
hkth9d10 3 13.9463 75.0351 5 21.8297 94.0491 
bd2ed4hkth2d4 9 12.6191 64.7463 9 16.7024 67.8006 
bd4ed2hkth1d2hkth1d2 10 13.1072 66.0209 11 16.2951 78.8337 
hkth1d6bd2ed2 8 16.4281 87.1126 9 18.0502 94.7583 
hkth1d2ed4hkth3d4 9 15.2154 63.9831 11 16.9056 71.8834 
ed4ed2ed2ed2 9 16.1634 67.7331 10 17.0462 75.1654 
hkth4d6bd4 8 17.2554 71.7537 9 17.3299 78.0371 
hkth1d4ed2ed2hkth1d2 9 15.8662 72.1157 11 17.3181 86.2949 
hkth5d6hkth1d4 8 16.1607 75.8137 9 18.0654 83.6874 
hkth1d4bd2ed2ed2 10 16.3975 72.2957 10 14.6058 87.6763 
ed2ed4hkth3d4 9 15.3676 65.7609 11 17.0425 71.7103 
hkth3d4bd2ed2ed2 11 15.6765 68.5974 10 17.9352 84.1931 
ed2bd4bd4 10 13.5095 65.8823 9 17.4573 73.6497 
hkth3d6bd4 8 13.0404 70.7694 9 17.3663 75.074 
hkth7d8bd2 9 17.1591 79.7583 9 19.9715 93.7817 
hkth7d10 3 17.2039 80.8863 4 15.6454 87.7989 
hkth2d8bd2 8 15.9087 78.8134 8 14.3003 81.8266 
ed2ed2ed2ed2ed2 10 17.44 73.7766 10 17.2605 74.8706 
ed4bd2hkth1d2hkth1d2 9 13.1528 66.0283 11 19.499 73.6526 
hkth1d4ed2hkth1d2hkth1d2 9 15.9066 72.0826 10 17.4188 87.0443 
hkth2d4ed2ed2hkth1d2 9 13.2163 66.678 11 17.0519 80.0126 
hkth3d4bd2bd2hkth1d2 10 16.2601 70.1017 11 18.014 83.026 
bd6ed2ed2 9 15.7826 69.0357 9 15.4815 77.8163 
hkth1d6ed2hkth1d2 8 15.9963 86.0814 9 14.6792 94.2846 
bd6bd2bd2 8 13.2126 69.0366 8 18.4636 77.574 
bd6bd4 8 15.279 67.5871 9 17.5847 74.076 
ed4bd2ed2hkth1d2 9 13.3305 68.2549 10 17.0562 95.2386 
hkth5d6hkth3d4 9 16.065 70.0843 10 17.9414 82.2614 
bd2bd2bd2ed2hkth1d2 8 17.1397 73.9917 10 15.4322 77.9291 
hkth4d6ed4 8 13.3608 69.0966 9 14.7637 76.0314 
bd2bd2bd2bd2bd2 8 17.4263 73.7826 9 18.488 78.9726 
hkth5d6bd2hkth1d2 8 13.2884 69.6971 9 15.6285 88.7374 
hkth7d8ed2 8 17.1417 79.7226 10 20.0107 93.9371 

